#           w0_fld,           wa_fld,          Omega_b,                h,              n_s,           sigma8,     Omega_m_camb,          P_shot0,          P_shot1,          P_shot2,          P_shot3,      lnbsigma8_0,      lnbsigma8_1,      lnbsigma8_2,      lnbsigma8_3
 7.68963157475620246259e+04	 1.81207689994745414879e+04	 1.87819161417330251425e+04	-8.84557760540534043685e+05	-3.64557296961189786089e+04	 9.43834889423387066927e+04	 3.13903652342528686859e+05	 1.23484544031257250651e+01	 1.23972475101133241537e+01	 1.03523621589720420388e+01	 9.31717033160958507665e+00	 1.43505090956631116569e+05	 1.46981846769249415956e+05	 1.28884733607147485600e+05	 1.27631540546945529059e+05	
 1.81207689994745414879e+04	 4.83160994973195374769e+03	 8.09557014274986977398e+03	-1.66820852754168998217e+05	-9.15298419824746451923e+03	 1.23803613398091292765e+04	 8.08657581279993464705e+04	 2.29529029781737659022e+00	 2.55991176609680959331e+00	 2.30734630977610244429e+00	 2.22102690782265010938e+00	 2.96864038164511439390e+04	 3.29485874184754284215e+04	 3.05676843324426008621e+04	 3.17299619986288089422e+04	
 1.87819161417330251425e+04	 8.09557014274986977398e+03	 5.38639150117005500942e+06	 1.72313161101639969274e+06	-1.12866092282593506388e+06	-1.11029530448749632342e+05	-2.43420103170696552843e+06	-9.86209542396190528279e+01	-8.71252370707622674217e+01	-6.44673154416033469261e+01	-4.83278486651057335166e+01	-3.24438006214643362910e+05	-2.58691939184666000074e+05	-1.38713593131834932137e+05	 2.77982568474725376291e+04	
-8.84557760540534043685e+05	-1.66820852754168998217e+05	 1.72313161101639969274e+06	 1.85335988116925805807e+07	-4.46216805971181427594e+05	-2.14253281976997246966e+06	-5.59296082587003521621e+06	-3.17366330395210184179e+02	-2.83208847673574041437e+02	-2.15667602166980827860e+02	-1.76389341907584650926e+02	-2.41584577255342341959e+06	-2.32244663803774444386e+06	-1.92571687133857235312e+06	-1.77000598660044162534e+06	
-3.64557296961189786089e+04	-9.15298419824746451923e+03	-1.12866092282593506388e+06	-4.46216805971181427594e+05	 3.32703281638197775465e+05	 2.04435859222252224754e+03	 5.80701246511374600232e+05	 2.77327521646091454954e+01	 2.43495835825774591399e+01	 1.77856766885847292770e+01	 1.29098101335015726931e+01	 6.19932040257468106574e+04	 4.25014656486049207160e+04	 1.13506437384770106291e+04	-3.66327800627110409550e+04	
 9.43834889423387066927e+04	 1.23803613398091292765e+04	-1.11029530448749632342e+05	-2.14253281976997246966e+06	 2.04435859222252224754e+03	 3.27797189106015546713e+05	 4.06846775669660302810e+05	 3.01793157491528631908e+01	 2.64330927649411293601e+01	 1.98850436811390771652e+01	 1.63172704792546952035e+01	 2.43628495555444533238e+05	 2.31537086111162614543e+05	 1.91801151763391622808e+05	 1.80665851781472651055e+05	
 3.13903652342528686859e+05	 8.08657581279993464705e+04	-2.43420103170696552843e+06	-5.59296082587003521621e+06	 5.80701246511374600232e+05	 4.06846775669660302810e+05	 3.28920750634218798950e+06	 1.25731904128471754234e+02	 1.18084261552941541140e+02	 9.43187722754313000451e+01	 8.06618529845073624074e+01	 8.83111930198575835675e+05	 8.83064336477064294741e+05	 7.45031946289683226496e+05	 6.66135358552127727307e+05	
 1.23484544031257250651e+01	 2.29529029781737659022e+00	-9.86209542396190528279e+01	-3.17366330395210184179e+02	 2.77327521646091454954e+01	 3.01793157491528631908e+01	 1.25731904128471754234e+02	 2.40791913517941109923e-02	0.00000000000000000000e+00	0.00000000000000000000e+00	0.00000000000000000000e+00	 1.42888444127793832195e+02	0.00000000000000000000e+00	0.00000000000000000000e+00	0.00000000000000000000e+00	
 1.23972475101133241537e+01	 2.55991176609680959331e+00	-8.71252370707622674217e+01	-2.83208847673574041437e+02	 2.43495835825774591399e+01	 2.64330927649411293601e+01	 1.18084261552941541140e+02	0.00000000000000000000e+00	 2.10244777195504085887e-02	0.00000000000000000000e+00	-8.21304321481450966269e-19	0.00000000000000000000e+00	 1.32374687957283811102e+02	0.00000000000000000000e+00	0.00000000000000000000e+00	
 1.03523621589720420388e+01	 2.30734630977610244429e+00	-6.44673154416033469261e+01	-2.15667602166980827860e+02	 1.77856766885847292770e+01	 1.98850436811390771652e+01	 9.43187722754313000451e+01	0.00000000000000000000e+00	0.00000000000000000000e+00	 1.56723381525684483939e-02	0.00000000000000000000e+00	0.00000000000000000000e+00	0.00000000000000000000e+00	 1.04876291627288850350e+02	0.00000000000000000000e+00	
 9.31717033160958507665e+00	 2.22102690782265010938e+00	-4.83278486651057335166e+01	-1.76389341907584650926e+02	 1.29098101335015726931e+01	 1.63172704792546952035e+01	 8.06618529845073624074e+01	0.00000000000000000000e+00	-8.21304321481450966269e-19	0.00000000000000000000e+00	 1.25776417408082520633e-02	0.00000000000000000000e+00	0.00000000000000000000e+00	0.00000000000000000000e+00	 9.00837293596960648756e+01	
 1.43505090956631116569e+05	 2.96864038164511439390e+04	-3.24438006214643362910e+05	-2.41584577255342341959e+06	 6.19932040257468106574e+04	 2.43628495555444533238e+05	 8.83111930198575835675e+05	 1.42888444127793832195e+02	0.00000000000000000000e+00	0.00000000000000000000e+00	0.00000000000000000000e+00	 1.26635203791945101693e+06	0.00000000000000000000e+00	0.00000000000000000000e+00	0.00000000000000000000e+00	
 1.46981846769249415956e+05	 3.29485874184754284215e+04	-2.58691939184666000074e+05	-2.32244663803774444386e+06	 4.25014656486049207160e+04	 2.31537086111162614543e+05	 8.83064336477064294741e+05	0.00000000000000000000e+00	 1.32374687957283811102e+02	0.00000000000000000000e+00	0.00000000000000000000e+00	0.00000000000000000000e+00	 1.25125659847567277029e+06	0.00000000000000000000e+00	0.00000000000000000000e+00	
 1.28884733607147485600e+05	 3.05676843324426008621e+04	-1.38713593131834932137e+05	-1.92571687133857235312e+06	 1.13506437384770106291e+04	 1.91801151763391622808e+05	 7.45031946289683226496e+05	0.00000000000000000000e+00	0.00000000000000000000e+00	 1.04876291627288850350e+02	0.00000000000000000000e+00	0.00000000000000000000e+00	0.00000000000000000000e+00	 1.06871747429575817659e+06	0.00000000000000000000e+00	
 1.27631540546945529059e+05	 3.17299619986288089422e+04	 2.77982568474725376291e+04	-1.77000598660044162534e+06	-3.66327800627110409550e+04	 1.80665851781472651055e+05	 6.66135358552127727307e+05	0.00000000000000000000e+00	0.00000000000000000000e+00	0.00000000000000000000e+00	 9.00837293596960648756e+01	0.00000000000000000000e+00	0.00000000000000000000e+00	0.00000000000000000000e+00	 1.02039058381347358227e+06	
