#           w0_fld,           wa_fld,          Omega_b,                h,              n_s,           sigma8,     Omega_m_camb,          P_shot0,          P_shot1,          P_shot2,          P_shot3,      lnbsigma8_0,      lnbsigma8_1,      lnbsigma8_2,      lnbsigma8_3
 7.68401340584389836295e+04	 1.82308658421882282710e+04	 1.69905283426138630603e+04	-8.87861638660060940310e+05	-3.61162967827559768921e+04	 9.40613749452590564033e+04	 3.18746921129529015161e+05	 1.25463624180331514424e+01	 1.25011806465028385560e+01	 1.03797500361294794402e+01	 9.28958894252290967586e+00	 1.44777871415248606354e+05	 1.47805766333424748154e+05	 1.29198456426553850179e+05	 1.27398650366276531713e+05	
 1.82308658421882282710e+04	 4.78021177568446819350e+03	 7.51325977673246597988e+03	-1.75132193698807852343e+05	-9.11788243527478334727e+03	 1.38798381967293789785e+04	 8.07836588845390360802e+04	 2.40045131808742118196e+00	 2.64457550428322685221e+00	 2.36239147631652990356e+00	 2.25541198112063545622e+00	 3.03109913664651394356e+04	 3.35288063991178350989e+04	 3.10092387109353585402e+04	 3.20631359929159589228e+04	
 1.69905283426138630603e+04	 7.51325977673246597988e+03	 5.39910777757118083537e+06	 1.71328267356293695047e+06	-1.12882557031043432653e+06	-1.13319266107326606289e+05	-2.44476799301196262240e+06	-9.87419064866250266732e+01	-8.72266465216704887098e+01	-6.45375352485872326724e+01	-4.83713743852341835350e+01	-3.26340010564701282419e+05	-2.60333392031291092280e+05	-1.39865592692765523680e+05	 2.69861245999607417616e+04	
-8.87861638660060940310e+05	-1.75132193698807852343e+05	 1.71328267356293695047e+06	 1.82506818631956838071e+07	-4.48194599237916932907e+05	-2.07309058664977457374e+06	-5.75741153290835581720e+06	-3.15736644218389983507e+02	-2.81833269601482129474e+02	-2.14676999488147828288e+02	-1.75600344089106442880e+02	-2.41800541999297589064e+06	-2.32357012819138169289e+06	-1.92553826236668322235e+06	-1.76787483172463020310e+06	
-3.61162967827559768921e+04	-9.11788243527478334727e+03	-1.12882557031043432653e+06	-4.48194599237916932907e+05	 3.32790994181132409722e+05	 3.60546148989297216758e+03	 5.81704860534899868071e+05	 2.77735501114089018415e+01	 2.43869332935694345110e+01	 1.78140610092497055916e+01	 1.29311069570612993118e+01	 6.25216267876764613902e+04	 4.29737509504876434221e+04	 1.17007753593387460569e+04	-3.63440625167975231307e+04	
 9.40613749452590564033e+04	 1.38798381967293789785e+04	-1.13319266107326606289e+05	-2.07309058664977457374e+06	 3.60546148989297216758e+03	 3.10312604468329751398e+05	 4.37544004564467933960e+05	 2.98187643764219849629e+01	 2.61042683782380429136e+01	 1.96248545419908673182e+01	 1.60822007854567203822e+01	 2.42552527980705082882e+05	 2.30144290953734307550e+05	 1.90235804947914031800e+05	 1.78495006696539639961e+05	
 3.18746921129529015161e+05	 8.07836588845390360802e+04	-2.44476799301196262240e+06	-5.75741153290835581720e+06	 5.81704860534899868071e+05	 4.37544004564467933960e+05	 3.30199886631439672783e+06	 1.27480731261732131543e+02	 1.19797980604947312600e+02	 9.57124219438297529905e+01	 8.18803361997458978294e+01	 8.94976639537160750479e+05	 8.95762312708565033972e+05	 7.56593100488947820850e+05	 6.78056446039916831069e+05	
 1.25463624180331514424e+01	 2.40045131808742118196e+00	-9.87419064866250266732e+01	-3.15736644218389983507e+02	 2.77735501114089018415e+01	 2.98187643764219849629e+01	 1.27480731261732131543e+02	 2.40229667426238926997e-02	0.00000000000000000000e+00	0.00000000000000000000e+00	-8.44015392379706894110e-19	 1.43410457799262871958e+02	0.00000000000000000000e+00	0.00000000000000000000e+00	0.00000000000000000000e+00	
 1.25011806465028385560e+01	 2.64457550428322685221e+00	-8.72266465216704887098e+01	-2.81833269601482129474e+02	 2.43869332935694345110e+01	 2.61042683782380429136e+01	 1.19797980604947312600e+02	0.00000000000000000000e+00	 2.09871084421664015618e-02	0.00000000000000000000e+00	-8.21198442363044178727e-19	 2.22096646629310612298e-14	 1.32853199647764654401e+02	0.00000000000000000000e+00	0.00000000000000000000e+00	
 1.03797500361294794402e+01	 2.36239147631652990356e+00	-6.45375352485872326724e+01	-2.14676999488147828288e+02	 1.78140610092497055916e+01	 1.96248545419908673182e+01	 9.57124219438297529905e+01	0.00000000000000000000e+00	0.00000000000000000000e+00	 1.56540672517225427918e-02	0.00000000000000000000e+00	0.00000000000000000000e+00	0.00000000000000000000e+00	 1.05249084476311523417e+02	-1.09148801108460702380e-14	
 9.28958894252290967586e+00	 2.25541198112063545622e+00	-4.83713743852341835350e+01	-1.75600344089106442880e+02	 1.29311069570612993118e+01	 1.60822007854567203822e+01	 8.18803361997458978294e+01	-8.44015392379706894110e-19	-8.21198442363044178727e-19	0.00000000000000000000e+00	 1.25718777801999848781e-02	0.00000000000000000000e+00	0.00000000000000000000e+00	 1.01550712283682287307e-14	 9.03897735129932726750e+01	
 1.44777871415248606354e+05	 3.03109913664651394356e+04	-3.26340010564701282419e+05	-2.41800541999297589064e+06	 6.25216267876764613902e+04	 2.42552527980705082882e+05	 8.94976639537160750479e+05	 1.43410457799262871958e+02	 2.22096646629310612298e-14	0.00000000000000000000e+00	0.00000000000000000000e+00	 1.27201028577967104502e+06	-6.79705181028111837804e-11	-3.43263195645704399794e-11	 3.47171180692384950817e-11	
 1.47805766333424748154e+05	 3.35288063991178350989e+04	-2.60333392031291092280e+05	-2.32357012819138169289e+06	 4.29737509504876434221e+04	 2.30144290953734307550e+05	 8.95762312708565033972e+05	0.00000000000000000000e+00	 1.32853199647764654401e+02	0.00000000000000000000e+00	0.00000000000000000000e+00	-6.79705181028111837804e-11	 1.25672802540262904949e+06	-3.45963258041592780501e-11	 3.49871243088273331523e-11	
 1.29198456426553850179e+05	 3.10092387109353585402e+04	-1.39865592692765523680e+05	-1.92553826236668322235e+06	 1.17007753593387460569e+04	 1.90235804947914031800e+05	 7.56593100488947820850e+05	0.00000000000000000000e+00	0.00000000000000000000e+00	 1.05249084476311523417e+02	 1.01550712283682287307e-14	-3.43263195645704399794e-11	-3.45963258041592780501e-11	 1.07320336602672212757e+06	-3.53423956767073832452e-11	
 1.27398650366276531713e+05	 3.20631359929159589228e+04	 2.69861245999607417616e+04	-1.76787483172463020310e+06	-3.63440625167975231307e+04	 1.78495006696539639961e+05	 6.78056446039916831069e+05	0.00000000000000000000e+00	0.00000000000000000000e+00	-1.09148801108460702380e-14	 9.03897735129932726750e+01	 3.47171180692384950817e-11	 3.49871243088273331523e-11	-3.53423956767073832452e-11	 1.02423788693889777642e+06	
