#           w0_fld,           wa_fld,          Omega_b,                h,              n_s,           sigma8,     Omega_m_camb,          P_shot0,          P_shot1,          P_shot2,          P_shot3,      lnbsigma8_0,      lnbsigma8_1,      lnbsigma8_2,      lnbsigma8_3
 8.60525822978229552973e+04	 2.11811506990479683736e+04	 8.45511704693059873534e+04	-9.11684465374051942490e+05	-5.98086442720153281698e+04	 1.12872386789264215622e+05	 2.47009132368133577984e+05	 9.73063073793871780026e+00	 9.73248510843468395137e+00	 8.26297024116815848060e+00	 7.76858362929516843565e+00	 1.37604061610810400452e+05	 1.42035783478173485491e+05	 1.26534417559177527437e+05	 1.28944447018953535007e+05	
 2.11811506990479683736e+04	 5.48084976633227415732e+03	 2.27482950661477152607e+04	-2.09381129439999524038e+05	-1.50025988319595289795e+04	 2.26068820857040263945e+04	 6.87233212648678018013e+04	 2.21871563014628137012e+00	 2.34659569658317845864e+00	 2.08250413111552834522e+00	 2.04140799990485311000e+00	 3.20027882000678582699e+04	 3.49621285999490210088e+04	 3.24748340922349489119e+04	 3.43229370744266416295e+04	
 8.45511704693059873534e+04	 2.27482950661477152607e+04	 4.60710127695404924452e+06	 2.27389377948333230961e+03	-8.86116409849273739383e+05	 2.88900570405606777058e+04	-1.60533103301172493957e+06	-3.85141083454533728059e+01	-3.50767240098797117298e+01	-2.67337831602847657564e+01	-2.03232989682104445706e+01	-7.09796665126271109330e+04	-3.08578579679345893965e+04	 3.13262620972354343394e+04	 1.55242876972332247533e+05	
-9.11684465374051942490e+05	-2.09381129439999524038e+05	 2.27389377948333230961e+03	 1.44028811411642730236e+07	 1.08835454475562728476e+05	-1.80700647475700080395e+06	-3.71184903867093892768e+06	-1.73826926541776686008e+02	-1.60555066769931102044e+02	-1.28073132386278672357e+02	-1.12617874822854460604e+02	-1.87018958390387520194e+06	-1.83515923836542200297e+06	-1.56561827341296244413e+06	-1.50525697292615566403e+06	
-5.98086442720153281698e+04	-1.50025988319595289795e+04	-8.86116409849273739383e+05	 1.08835454475562728476e+05	 2.54037548519076313823e+05	-4.22562368251944717485e+04	 3.14990793828175636008e+05	 8.59482312356698585631e+00	 7.55737632220357635759e+00	 5.45143548890989215749e+00	 3.61102939585018134494e+00	-1.84156167208097467665e+04	-3.07326869722862466006e+04	-4.40075556241441008751e+04	-7.87641750708249746822e+04	
 1.12872386789264215622e+05	 2.26068820857040263945e+04	 2.88900570405606777058e+04	-1.80700647475700080395e+06	-4.22562368251944717485e+04	 2.98970775616380909923e+05	 2.70232132815061951987e+05	 1.83235563600802464634e+01	 1.66022321184288159657e+01	 1.30674121752256429119e+01	 1.15002470364955655668e+01	 2.06143540760093805147e+05	 1.99292900861149391858e+05	 1.69010209648041753098e+05	 1.65123936953956756042e+05	
 2.47009132368133577984e+05	 6.87233212648678018013e+04	-1.60533103301172493957e+06	-3.71184903867093892768e+06	 3.14990793828175636008e+05	 2.70232132815061951987e+05	 2.21350324268422275782e+06	 6.31828534824130514380e+01	 6.16717632426791340094e+01	 5.15906024955713249369e+01	 4.71501839246152130158e+01	 5.82298138435268658213e+05	 6.00278263058471959084e+05	 5.24009902553246764001e+05	 4.89801410675663151778e+05	
 9.73063073793871780026e+00	 2.21871563014628137012e+00	-3.85141083454533728059e+01	-1.73826926541776686008e+02	 8.59482312356698585631e+00	 1.83235563600802464634e+01	 6.31828534824130514380e+01	 9.37715177534295327155e-03	0.00000000000000000000e+00	0.00000000000000000000e+00	0.00000000000000000000e+00	 8.36596558085055619358e+01	0.00000000000000000000e+00	0.00000000000000000000e+00	0.00000000000000000000e+00	
 9.73248510843468395137e+00	 2.34659569658317845864e+00	-3.50767240098797117298e+01	-1.60555066769931102044e+02	 7.55737632220357635759e+00	 1.66022321184288159657e+01	 6.16717632426791340094e+01	0.00000000000000000000e+00	 8.54509508822151250818e-03	0.00000000000000000000e+00	0.00000000000000000000e+00	 7.40033034851705906476e-15	 7.98888257369984557954e+01	0.00000000000000000000e+00	 3.70189989773450633948e-15	
 8.26297024116815848060e+00	 2.08250413111552834522e+00	-2.67337831602847657564e+01	-1.28073132386278672357e+02	 5.45143548890989215749e+00	 1.30674121752256429119e+01	 5.15906024955713249369e+01	0.00000000000000000000e+00	0.00000000000000000000e+00	 6.73187833702161043947e-03	0.00000000000000000000e+00	 3.69843045078255272529e-15	0.00000000000000000000e+00	 6.59508784381810073683e+01	0.00000000000000000000e+00	
 7.76858362929516843565e+00	 2.04140799990485311000e+00	-2.03232989682104445706e+01	-1.12617874822854460604e+02	 3.61102939585018134494e+00	 1.15002470364955655668e+01	 4.71501839246152130158e+01	0.00000000000000000000e+00	0.00000000000000000000e+00	0.00000000000000000000e+00	 5.87203343061937221847e-03	-7.40033034851705906476e-15	0.00000000000000000000e+00	0.00000000000000000000e+00	 6.04432627027342874726e+01	
 1.37604061610810400452e+05	 3.20027882000678582699e+04	-7.09796665126271109330e+04	-1.87018958390387520194e+06	-1.84156167208097467665e+04	 2.06143540760093805147e+05	 5.82298138435268658213e+05	 8.36596558085055619358e+01	 7.40033034851705906476e-15	 3.69843045078255272529e-15	-7.40033034851705906476e-15	 1.00180325879391154740e+06	0.00000000000000000000e+00	0.00000000000000000000e+00	0.00000000000000000000e+00	
 1.42035783478173485491e+05	 3.49621285999490210088e+04	-3.08578579679345893965e+04	-1.83515923836542200297e+06	-3.07326869722862466006e+04	 1.99292900861149391858e+05	 6.00278263058471959084e+05	0.00000000000000000000e+00	 7.98888257369984557954e+01	0.00000000000000000000e+00	0.00000000000000000000e+00	0.00000000000000000000e+00	 1.00885777687887800857e+06	0.00000000000000000000e+00	0.00000000000000000000e+00	
 1.26534417559177527437e+05	 3.24748340922349489119e+04	 3.13262620972354343394e+04	-1.56561827341296244413e+06	-4.40075556241441008751e+04	 1.69010209648041753098e+05	 5.24009902553246764001e+05	0.00000000000000000000e+00	0.00000000000000000000e+00	 6.59508784381810073683e+01	0.00000000000000000000e+00	0.00000000000000000000e+00	0.00000000000000000000e+00	 8.84422678012299467809e+05	0.00000000000000000000e+00	
 1.28944447018953535007e+05	 3.43229370744266416295e+04	 1.55242876972332247533e+05	-1.50525697292615566403e+06	-7.87641750708249746822e+04	 1.65123936953956756042e+05	 4.89801410675663151778e+05	0.00000000000000000000e+00	 3.70189989773450633948e-15	0.00000000000000000000e+00	 6.04432627027342874726e+01	0.00000000000000000000e+00	0.00000000000000000000e+00	0.00000000000000000000e+00	 8.79619429992408258840e+05	
