#           w0_fld,           wa_fld,          Omega_b,                h,              n_s,           sigma8,     Omega_m_camb,          P_shot0,          P_shot1,          P_shot2,          P_shot3,      lnbsigma8_0,      lnbsigma8_1,      lnbsigma8_2,      lnbsigma8_3
 7.04683202390287042363e+04	 1.64036972058809842565e+04	 8.04150862541370734107e+04	-7.68644704530011396855e+05	-5.60933573597533541033e+04	 8.79019649155015504221e+04	 2.37494122512003261363e+05	 8.41370857357178891789e+00	 8.51975669341614505470e+00	 7.29117273724044423489e+00	 6.89199995820078736841e+00	 1.22609278960089955945e+05	 1.27322805973046575673e+05	 1.13828939102422824362e+05	 1.16184138129062208463e+05	
 1.64036972058809842565e+04	 4.28487749662665828509e+03	 2.12200275331017946883e+04	-1.48510762088323739590e+05	-1.34470997935762370616e+04	 1.23172055742074226146e+04	 6.11427346857659140369e+04	 1.62130714370885931075e+00	 1.80348063183692275402e+00	 1.65213052116460756835e+00	 1.65800423587675327397e+00	 2.52084812860501187970e+04	 2.83733805286011120188e+04	 2.68491535199269928853e+04	 2.87524894298467625049e+04	
 8.04150862541370734107e+04	 2.12200275331017946883e+04	 4.61023749527956359088e+06	-1.96617937746662501013e+04	-8.84306902229134808294e+05	 2.81714527492050692672e+04	-1.60748260095326369628e+06	-3.85233545793684299952e+01	-3.50789275217156273357e+01	-2.67246367395708688264e+01	-2.02959780213631120205e+01	-7.11801561893016041722e+04	-3.09013156940921471687e+04	 3.14329265805758841452e+04	 1.55395141157526872121e+05	
-7.68644704530011396855e+05	-1.48510762088323739590e+05	-1.96617937746662501013e+04	 1.41013301377090979367e+07	 1.10985755040045798523e+05	-1.74029539901600172743e+06	-3.90038756223630439490e+06	-1.72333381607679939407e+02	-1.59216274029439830429e+02	-1.27025633147564676051e+02	-1.11690072801421337090e+02	-1.86031870687795383856e+06	-1.82514162976739206351e+06	-1.55658028374989423901e+06	-1.49547475642710598186e+06	
-5.60933573597533541033e+04	-1.34470997935762370616e+04	-8.84306902229134808294e+05	 1.10985755040045798523e+05	 2.53441037433807097841e+05	-4.10991379811313090613e+04	 3.11452129168954386842e+05	 8.58494760206959384163e+00	 7.54634186059877531960e+00	 5.44034374660687980452e+00	 3.59837386707169937239e+00	-1.84326916609434592829e+04	-3.07738963014881010167e+04	-4.40538948288471292472e+04	-7.87600644441034819465e+04	
 8.79019649155015504221e+04	 1.23172055742074226146e+04	 2.81714527492050692672e+04	-1.74029539901600172743e+06	-4.10991379811313090613e+04	 2.84982555832867801655e+05	 2.98949741974044707604e+05	 1.79444048652008731892e+01	 1.62487346117918747268e+01	 1.27789321999259080087e+01	 1.12309008286846658820e+01	 2.02341717349243117496e+05	 1.95389086730292183347e+05	 1.65463588632586557651e+05	 1.61287695591253170278e+05	
 2.37494122512003261363e+05	 6.11427346857659140369e+04	-1.60748260095326369628e+06	-3.90038756223630439490e+06	 3.11452129168954386842e+05	 2.98949741974044707604e+05	 2.28353726758011989295e+06	 6.55071178620349030552e+01	 6.38313758093323926346e+01	 5.33046670260300743394e+01	 4.86381685077807475182e+01	 6.07697200371545506641e+05	 6.25192831254623830318e+05	 5.45101576250020763837e+05	 5.09903636256946483627e+05	
 8.41370857357178891789e+00	 1.62130714370885931075e+00	-3.85233545793684299952e+01	-1.72333381607679939407e+02	 8.58494760206959384163e+00	 1.79444048652008731892e+01	 6.55071178620349030552e+01	 9.39639039084501880017e-03	-2.76979773752156210875e-19	0.00000000000000000000e+00	0.00000000000000000000e+00	 8.40455457264626772940e+01	0.00000000000000000000e+00	 3.70073438039908442221e-15	 3.70016517425852953238e-15	
 8.51975669341614505470e+00	 1.80348063183692275402e+00	-3.50789275217156273357e+01	-1.59216274029439830429e+02	 7.54634186059877531960e+00	 1.62487346117918747268e+01	 6.38313758093323926346e+01	-2.76979773752156210875e-19	 8.56321602120257811819e-03	-2.77403290225783361045e-19	0.00000000000000000000e+00	0.00000000000000000000e+00	 8.02309675766222483162e+01	0.00000000000000000000e+00	-3.70016517425852953238e-15	
 7.29117273724044423489e+00	 1.65213052116460756835e+00	-2.67246367395708688264e+01	-1.27025633147564676051e+02	 5.44034374660687980452e+00	 1.27789321999259080087e+01	 5.33046670260300743394e+01	0.00000000000000000000e+00	-2.77403290225783361045e-19	 6.74601928292672178150e-03	0.00000000000000000000e+00	0.00000000000000000000e+00	0.00000000000000000000e+00	 6.62047937100452088544e+01	0.00000000000000000000e+00	
 6.89199995820078736841e+00	 1.65800423587675327397e+00	-2.02959780213631120205e+01	-1.11690072801421337090e+02	 3.59837386707169937239e+00	 1.12309008286846658820e+01	 4.86381685077807475182e+01	0.00000000000000000000e+00	0.00000000000000000000e+00	0.00000000000000000000e+00	 5.88320010462712195826e-03	0.00000000000000000000e+00	0.00000000000000000000e+00	 3.70073438039908442221e-15	 6.06310457116122734078e+01	
 1.22609278960089955945e+05	 2.52084812860501187970e+04	-7.11801561893016041722e+04	-1.86031870687795383856e+06	-1.84326916609434592829e+04	 2.02341717349243117496e+05	 6.07697200371545506641e+05	 8.40455457264626772940e+01	0.00000000000000000000e+00	0.00000000000000000000e+00	0.00000000000000000000e+00	 1.00735453695502190385e+06	0.00000000000000000000e+00	0.00000000000000000000e+00	0.00000000000000000000e+00	
 1.27322805973046575673e+05	 2.83733805286011120188e+04	-3.09013156940921471687e+04	-1.82514162976739206351e+06	-3.07738963014881010167e+04	 1.95389086730292183347e+05	 6.25192831254623830318e+05	0.00000000000000000000e+00	 8.02309675766222483162e+01	0.00000000000000000000e+00	0.00000000000000000000e+00	0.00000000000000000000e+00	 1.01386697134095069487e+06	0.00000000000000000000e+00	0.00000000000000000000e+00	
 1.13828939102422824362e+05	 2.68491535199269928853e+04	 3.14329265805758841452e+04	-1.55658028374989423901e+06	-4.40538948288471292472e+04	 1.65463588632586557651e+05	 5.45101576250020763837e+05	 3.70073438039908442221e-15	0.00000000000000000000e+00	 6.62047937100452088544e+01	 3.70073438039908442221e-15	0.00000000000000000000e+00	0.00000000000000000000e+00	 8.88182919180297176354e+05	-2.46842546403058804572e-11	
 1.16184138129062208463e+05	 2.87524894298467625049e+04	 1.55395141157526872121e+05	-1.49547475642710598186e+06	-7.87600644441034819465e+04	 1.61287695591253170278e+05	 5.09903636256946483627e+05	 3.70016517425852953238e-15	-3.70016517425852953238e-15	0.00000000000000000000e+00	 6.06310457116122734078e+01	0.00000000000000000000e+00	0.00000000000000000000e+00	-2.46842546403058804572e-11	 8.82322642397811636329e+05	
