#           w0_fld,           wa_fld,          Omega_b,                h,              n_s,           sigma8,     Omega_m_camb,          P_shot0,          P_shot1,          P_shot2,          P_shot3,      lnbsigma8_0,      lnbsigma8_1,      lnbsigma8_2,      lnbsigma8_3
 7.04125310617425566306e+04	 1.63971510408743633889e+04	 8.06449145456052210648e+04	-7.68724159468518337235e+05	-5.60701154829828301445e+04	 8.78676909816935658455e+04	 2.37323861483883054461e+05	 8.41020581768609787332e+00	 8.51631923673594926072e+00	 7.28834220461094428600e+00	 6.88950485703513848534e+00	 1.22567996207243355457e+05	 1.27283454907660445315e+05	 1.13797602703621261753e+05	 1.16160528141991890152e+05	
 1.63971510408743633889e+04	 4.28266202160233842733e+03	 2.12804369598748126009e+04	-1.48561918104640935780e+05	-1.34404105606525572512e+04	 1.23098620498866002890e+04	 6.10936482844412457780e+04	 1.62097545086358030275e+00	 1.80314534530553238767e+00	 1.65185740908230860313e+00	 1.65774130522052942638e+00	 2.52028149068005441222e+04	 2.83678861304263118654e+04	 2.68450289829141474911e+04	 2.87500455205879006826e+04	
 8.06449145456052210648e+04	 2.12804369598748126009e+04	 4.61588197986849863082e+06	-1.86135106805962532235e+04	-8.84754853909437893890e+05	 2.81939404368422983680e+04	-1.60887647868845891207e+06	-3.85776596937128317677e+01	-3.51275456022839875914e+01	-2.67600087745434862541e+01	-2.03201673729635672316e+01	-7.12569922651293891249e+04	-3.09379551395602320554e+04	 3.14637804371526581235e+04	 1.55542338423241220880e+05	
-7.68724159468518337235e+05	-1.48561918104640935780e+05	-1.86135106805962532235e+04	 1.41035370021646674722e+07	 1.11005267366658430547e+05	-1.74046078117823088542e+06	-3.90104264592550927773e+06	-1.72335387801075796688e+02	-1.59218839987538160585e+02	-1.27028956770310344382e+02	-1.11694944240787179979e+02	-1.86050330529743013903e+06	-1.82535267077228566632e+06	-1.55680315013860422187e+06	-1.49576860761822829954e+06	
-5.60701154829828301445e+04	-1.34404105606525572512e+04	-8.84754853909437893890e+05	 1.11005267366658430547e+05	 2.53423325197422876954e+05	-4.10608158556302223587e+04	 3.11791639842165226582e+05	 8.59050667889349739426e+00	 7.55155090364028680483e+00	 5.44454757027918745393e+00	 3.60208127601184191491e+00	-1.83840509586265252437e+04	-3.07273401479628155357e+04	-4.40167074656062904978e+04	-7.87322046673636068590e+04	
 8.78676909816935658455e+04	 1.23098620498866002890e+04	 2.81939404368422983680e+04	-1.74046078117823088542e+06	-4.10608158556302223587e+04	 2.84966502293063385878e+05	 2.98859865425201132894e+05	 1.79438138831807449947e+01	 1.62481118368567507559e+01	 1.27783440520243694039e+01	 1.12302654188422295078e+01	 2.02327691105095786043e+05	 1.95376706008495326387e+05	 1.65454830566131247906e+05	 1.61283722313660313375e+05	
 2.37323861483883054461e+05	 6.10936482844412457780e+04	-1.60887647868845891207e+06	-3.90104264592550927773e+06	 3.11791639842165226582e+05	 2.98859865425201132894e+05	 2.28375169986981386319e+06	 6.55174472379237045061e+01	 6.38401075930518260293e+01	 5.33103068058864124623e+01	 4.86403901083649898851e+01	 6.07649852178957429715e+05	 6.25121512320455163717e+05	 5.45013604798554908484e+05	 5.09771933114134473726e+05	
 8.41020581768609787332e+00	 1.62097545086358030275e+00	-3.85776596937128317677e+01	-1.72335387801075796688e+02	 8.59050667889349739426e+00	 1.79438138831807449947e+01	 6.55174472379237045061e+01	 9.39737045663293496522e-03	 2.94132190934055792741e-19	-2.79097356120291961723e-19	0.00000000000000000000e+00	 8.40439736890556758908e+01	0.00000000000000000000e+00	0.00000000000000000000e+00	0.00000000000000000000e+00	
 8.51631923673594926072e+00	 1.80314534530553238767e+00	-3.51275456022839875914e+01	-1.59218839987538160585e+02	 7.55155090364028680483e+00	 1.62481118368567507559e+01	 6.38401075930518260293e+01	 2.94132190934055792741e-19	 8.56399683369024784796e-03	 2.86085377935139939520e-19	0.00000000000000000000e+00	 1.16642806524680509028e-14	 8.02288554508095899109e+01	0.00000000000000000000e+00	0.00000000000000000000e+00	
 7.28834220461094428600e+00	 1.65185740908230860313e+00	-2.67600087745434862541e+01	-1.27028956770310344382e+02	 5.44454757027918745393e+00	 1.27783440520243694039e+01	 5.33103068058864124623e+01	-2.79097356120291961723e-19	 2.86085377935139939520e-19	 6.74651686862779396969e-03	0.00000000000000000000e+00	-1.10744746706359364907e-14	0.00000000000000000000e+00	 6.62024224772102343195e+01	0.00000000000000000000e+00	
 6.88950485703513848534e+00	 1.65774130522052942638e+00	-2.03201673729635672316e+01	-1.11694944240787179979e+02	 3.60208127601184191491e+00	 1.12302654188422295078e+01	 4.86403901083649898851e+01	0.00000000000000000000e+00	0.00000000000000000000e+00	0.00000000000000000000e+00	 5.88347574841080293850e-03	-1.08871245352304413245e-14	0.00000000000000000000e+00	0.00000000000000000000e+00	 6.06281683321673980913e+01	
 1.22567996207243355457e+05	 2.52028149068005441222e+04	-7.12569922651293891249e+04	-1.86050330529743013903e+06	-1.83840509586265252437e+04	 2.02327691105095786043e+05	 6.07649852178957429715e+05	 8.40439736890556758908e+01	 1.16642806524680509028e-14	-1.10744746706359364907e-14	-1.08871245352304413245e-14	 1.00730695016595139168e+06	0.00000000000000000000e+00	-2.91524582252122854698e-11	0.00000000000000000000e+00	
 1.27283454907660445315e+05	 2.83678861304263118654e+04	-3.09379551395602320554e+04	-1.82535267077228566632e+06	-3.07273401479628155357e+04	 1.95376706008495326387e+05	 6.25121512320455163717e+05	0.00000000000000000000e+00	 8.02288554508095899109e+01	0.00000000000000000000e+00	0.00000000000000000000e+00	0.00000000000000000000e+00	 1.01382244083242712077e+06	0.00000000000000000000e+00	0.00000000000000000000e+00	
 1.13797602703621261753e+05	 2.68450289829141474911e+04	 3.14637804371526581235e+04	-1.55680315013860422187e+06	-4.40167074656062904978e+04	 1.65454830566131247906e+05	 5.45013604798554908484e+05	0.00000000000000000000e+00	0.00000000000000000000e+00	 6.62024224772102343195e+01	0.00000000000000000000e+00	-2.91524582252122854698e-11	0.00000000000000000000e+00	 8.88150891775134019554e+05	0.00000000000000000000e+00	
 1.16160528141991890152e+05	 2.87500455205879006826e+04	 1.55542338423241220880e+05	-1.49576860761822829954e+06	-7.87322046673636068590e+04	 1.61283722313660313375e+05	 5.09771933114134473726e+05	0.00000000000000000000e+00	0.00000000000000000000e+00	0.00000000000000000000e+00	 6.06281683321673980913e+01	0.00000000000000000000e+00	0.00000000000000000000e+00	0.00000000000000000000e+00	 8.82313222430154215544e+05	
