#           w0_fld,           wa_fld,          Omega_b,                h,              n_s,           sigma8,     Omega_m_camb,          P_shot0,          P_shot1,          P_shot2,          P_shot3,      lnbsigma8_0,      lnbsigma8_1,      lnbsigma8_2,      lnbsigma8_3
 7.04638066861000843346e+04	 1.64100826308016294206e+04	 8.04327015641120233340e+04	-7.68652683213142445311e+05	-5.60904735553203936433e+04	 8.78992251982414454687e+04	 2.37480297449459380005e+05	 8.41327521641568765176e+00	 8.51943333637144739612e+00	 7.29099600766533395557e+00	 6.89197405252681960519e+00	 1.22608837947635402088e+05	 1.27324125596363752265e+05	 1.13831205022663561977e+05	 1.16188325151396711590e+05	
 1.64100826308016294206e+04	 4.28564399136276188074e+03	 2.12405294328286545351e+04	-1.48553689601395279169e+05	-1.34469125132793578814e+04	 1.23189910526285821106e+04	 6.11328776166261741309e+04	 1.62159895110078844382e+00	 1.80382631361976164541e+00	 1.65248741395132014986e+00	 1.65839498268910467971e+00	 2.52126737054026307305e+04	 2.83784747288552898681e+04	 2.68545160461201558064e+04	 2.87589412520285259234e+04	
 8.04327015641120233340e+04	 2.12405294328286545351e+04	 4.60975003479561395943e+06	-2.02407273066170309903e+04	-8.84185520420352462679e+05	 2.81394850473713886458e+04	-1.60756539634415553883e+06	-3.85212692835173982076e+01	-3.50773399487093939797e+01	-2.67240389818009411727e+01	-2.02958798926086956271e+01	-7.11911854458094749134e+04	-3.09167316392159700627e+04	 3.14116570976075781800e+04	 1.55365409351470269030e+05	
-7.68652683213142445311e+05	-1.48553689601395279169e+05	-2.02407273066170309903e+04	 1.41025097472459729761e+07	 1.11136177070335019380e+05	-1.74032502316343132406e+06	-3.90073789663061406463e+06	-1.72318592097454910572e+02	-1.59202831392989082815e+02	-1.27015464222091310376e+02	-1.11682593077460950326e+02	-1.86031468161184713244e+06	-1.82514620865993853658e+06	-1.55659496269933413714e+06	-1.49550789321146439761e+06	
-5.60904735553203936433e+04	-1.34469125132793578814e+04	-8.84185520420352462679e+05	 1.11136177070335019380e+05	 2.53434137513790279627e+05	-4.10953002012775832554e+04	 3.11450653112253174186e+05	 8.58482392487369949663e+00	 7.54627607157555502226e+00	 5.44034048483936949481e+00	 3.59842738601378187013e+00	-1.84301085353578746435e+04	-3.07712360179861570941e+04	-4.40516192761012498522e+04	-7.87583948635036940686e+04	
 8.78992251982414454687e+04	 1.23189910526285821106e+04	 2.81394850473713886458e+04	-1.74032502316343132406e+06	-4.10953002012775832554e+04	 2.84980574226084630936e+05	 2.98948503206902882084e+05	 1.79440168100053050182e+01	 1.62484597314000573931e+01	 1.27787784617297361933e+01	 1.12308269975248187222e+01	 2.02339000306583358906e+05	 1.95386984581328462809e+05	 1.65462274092858075164e+05	 1.61286963930348225404e+05	
 2.37480297449459380005e+05	 6.11328776166261741309e+04	-1.60756539634415553883e+06	-3.90073789663061406463e+06	 3.11450653112253174186e+05	 2.98948503206902882084e+05	 2.28346471952185826376e+06	 6.55042882983069318925e+01	 6.38296891934039223315e+01	 5.33039002438076607859e+01	 4.86378685428412609326e+01	 6.07676489732011454180e+05	 6.25177628117519663647e+05	 5.45093375507100252435e+05	 5.09898490056255948730e+05	
 8.41327521641568765176e+00	 1.62159895110078844382e+00	-3.85212692835173982076e+01	-1.72318592097454910572e+02	 8.58482392487369949663e+00	 1.79440168100053050182e+01	 6.55042882983069318925e+01	 9.39636569615044138504e-03	0.00000000000000000000e+00	0.00000000000000000000e+00	0.00000000000000000000e+00	 8.40451064965186276368e+01	0.00000000000000000000e+00	0.00000000000000000000e+00	0.00000000000000000000e+00	
 8.51943333637144739612e+00	 1.80382631361976164541e+00	-3.50773399487093939797e+01	-1.59202831392989082815e+02	 7.54627607157555502226e+00	 1.62484597314000573931e+01	 6.38296891934039223315e+01	0.00000000000000000000e+00	 8.56319916025426695894e-03	0.00000000000000000000e+00	0.00000000000000000000e+00	0.00000000000000000000e+00	 8.02306380021094298627e+01	0.00000000000000000000e+00	0.00000000000000000000e+00	
 7.29099600766533395557e+00	 1.65248741395132014986e+00	-2.67240389818009411727e+01	-1.27015464222091310376e+02	 5.44034048483936949481e+00	 1.27787784617297361933e+01	 5.33039002438076607859e+01	0.00000000000000000000e+00	0.00000000000000000000e+00	 6.74601071142455922108e-03	0.00000000000000000000e+00	0.00000000000000000000e+00	0.00000000000000000000e+00	 6.62046091786229453646e+01	0.00000000000000000000e+00	
 6.89197405252681960519e+00	 1.65839498268910467971e+00	-2.02958798926086956271e+01	-1.11682593077460950326e+02	 3.59842738601378187013e+00	 1.12308269975248187222e+01	 4.86378685428412609326e+01	0.00000000000000000000e+00	0.00000000000000000000e+00	0.00000000000000000000e+00	 5.88319680529303650623e-03	0.00000000000000000000e+00	0.00000000000000000000e+00	0.00000000000000000000e+00	 6.06309629300610737346e+01	
 1.22608837947635402088e+05	 2.52126737054026307305e+04	-7.11911854458094749134e+04	-1.86031468161184713244e+06	-1.84301085353578746435e+04	 2.02339000306583358906e+05	 6.07676489732011454180e+05	 8.40451064965186276368e+01	0.00000000000000000000e+00	0.00000000000000000000e+00	0.00000000000000000000e+00	 1.00735434558379277587e+06	0.00000000000000000000e+00	0.00000000000000000000e+00	0.00000000000000000000e+00	
 1.27324125596363752265e+05	 2.83784747288552898681e+04	-3.09167316392159700627e+04	-1.82514620865993853658e+06	-3.07712360179861570941e+04	 1.95386984581328462809e+05	 6.25177628117519663647e+05	0.00000000000000000000e+00	 8.02306380021094298627e+01	0.00000000000000000000e+00	0.00000000000000000000e+00	0.00000000000000000000e+00	 1.01386676907343335915e+06	 2.98288060918139308342e-11	0.00000000000000000000e+00	
 1.13831205022663561977e+05	 2.68545160461201558064e+04	 3.14116570976075781800e+04	-1.55659496269933413714e+06	-4.40516192761012498522e+04	 1.65462274092858075164e+05	 5.45093375507100252435e+05	0.00000000000000000000e+00	0.00000000000000000000e+00	 6.62046091786229453646e+01	0.00000000000000000000e+00	0.00000000000000000000e+00	 2.98288060918139308342e-11	 8.88182699800802860409e+05	0.00000000000000000000e+00	
 1.16188325151396711590e+05	 2.87589412520285259234e+04	 1.55365409351470269030e+05	-1.49550789321146439761e+06	-7.87583948635036940686e+04	 1.61286963930348225404e+05	 5.09898490056255948730e+05	0.00000000000000000000e+00	0.00000000000000000000e+00	0.00000000000000000000e+00	 6.06309629300610737346e+01	0.00000000000000000000e+00	0.00000000000000000000e+00	0.00000000000000000000e+00	 8.82322301797555875964e+05	
