#           w0_fld,           wa_fld,          Omega_b,                h,              n_s,           sigma8,     Omega_m_camb,          P_shot0,          P_shot1,          P_shot2,          P_shot3,      lnbsigma8_0,      lnbsigma8_1,      lnbsigma8_2,      lnbsigma8_3
 7.04393795655170979444e+04	 1.63987517814395250753e+04	 8.04172647182869841345e+04	-7.68500540529615478590e+05	-5.60933615993462153710e+04	 8.78827772349761798978e+04	 2.37437932926386420149e+05	 8.41203383461351705819e+00	 8.51733546535885466255e+00	 7.28820214252697429202e+00	 6.88930794241499366848e+00	 1.22586755688902601833e+05	 1.27291437636073824251e+05	 1.13790915286716015544e+05	 1.16148543399966467405e+05	
 1.63987517814395250753e+04	 4.28455460614276034903e+03	 2.12251436852254664700e+04	-1.48484042397319426527e+05	-1.34486185675396045553e+04	 1.23150690663006571413e+04	 6.11318243596236279700e+04	 1.62117698745516491954e+00	 1.80321911955639935243e+00	 1.65164966692574344265e+00	 1.65750319333404227962e+00	 2.52084424670483931550e+04	 2.83717278344780570478e+04	 2.68447780827755486825e+04	 2.87472114129314177262e+04	
 8.04172647182869841345e+04	 2.12251436852254664700e+04	 4.60986767129391897470e+06	-2.02487303772698141984e+04	-8.84304874827421037480e+05	 2.82821620290204155026e+04	-1.60786357801274536178e+06	-3.85222020333031451855e+01	-3.50777544443486135606e+01	-2.67250765911179968271e+01	-2.02963077088389454161e+01	-7.11961335255844896892e+04	-3.09175921010721285711e+04	 3.14086220772990564001e+04	 1.55372024217977770604e+05	
-7.68500540529615478590e+05	-1.48484042397319426527e+05	-2.02487303772698141984e+04	 1.41058147645539287478e+07	 1.11243013757392123807e+05	-1.74107339203222887591e+06	-3.90099671348263416439e+06	-1.72342571593685306652e+02	-1.59226542371969912892e+02	-1.27035794366388216758e+02	-1.11701983527528341256e+02	-1.86051261175649287179e+06	-1.82534488985803094693e+06	-1.55678333279307279736e+06	-1.49572285707289073616e+06	
-5.60933615993462153710e+04	-1.34486185675396045553e+04	-8.84304874827421037480e+05	 1.11243013757392123807e+05	 2.53453564683125354350e+05	-4.11407620384317633579e+04	 3.11547675205420702696e+05	 8.58509381171902496988e+00	 7.54650115878262983671e+00	 5.44053006594122656736e+00	 3.59859158353438690625e+00	-1.84288820036513861851e+04	-3.07702959079494357866e+04	-4.40508760999151418218e+04	-7.87584792441680474440e+04	
 8.78827772349761798978e+04	 1.23150690663006571413e+04	 2.82821620290204155026e+04	-1.74107339203222887591e+06	-4.11407620384317633579e+04	 2.85118485534776584245e+05	 2.98968593443136662245e+05	 1.79459151276075239423e+01	 1.62507002795270771855e+01	 1.27817062335142903606e+01	 1.12340272210963476596e+01	 2.02366073299751500599e+05	 1.95420005169926909730e+05	 1.65506195714927569497e+05	 1.61342228382116009016e+05	
 2.37437932926386420149e+05	 6.11318243596236279700e+04	-1.60786357801274536178e+06	-3.90099671348263416439e+06	 3.11547675205420702696e+05	 2.98968593443136662245e+05	 2.28384244592101825401e+06	 6.55094300741525472631e+01	 6.38341511896165414441e+01	 5.33068450192776879248e+01	 4.86385987250395501746e+01	 6.07692640552204102278e+05	 6.25196252426075516269e+05	 5.45106907837609527633e+05	 5.09886010976748715620e+05	
 8.41203383461351705819e+00	 1.62117698745516491954e+00	-3.85222020333031451855e+01	-1.72342571593685306652e+02	 8.58509381171902496988e+00	 1.79459151276075239423e+01	 6.55094300741525472631e+01	 9.39629922515095722391e-03	0.00000000000000000000e+00	0.00000000000000000000e+00	0.00000000000000000000e+00	 8.40436906622256003629e+01	-3.70016517425852953238e-15	 3.70076148545339655982e-15	 3.70016517425852953238e-15	
 8.51733546535885466255e+00	 1.80321911955639935243e+00	-3.50777544443486135606e+01	-1.59226542371969912892e+02	 7.54650115878262983671e+00	 1.62507002795270771855e+01	 6.38341511896165414441e+01	0.00000000000000000000e+00	 8.56310375503721923907e-03	0.00000000000000000000e+00	0.00000000000000000000e+00	0.00000000000000000000e+00	 8.02287888105618378631e+01	 3.70076148545339655982e-15	 3.70016517425852953238e-15	
 7.28820214252697429202e+00	 1.65164966692574344265e+00	-2.67250765911179968271e+01	-1.27035794366388216758e+02	 5.44053006594122656736e+00	 1.27817062335142903606e+01	 5.33068450192776879248e+01	0.00000000000000000000e+00	0.00000000000000000000e+00	 6.74587480884365070510e-03	0.00000000000000000000e+00	0.00000000000000000000e+00	-7.40033034851705906476e-15	 6.62021437885060066719e+01	 7.40033034851705906476e-15	
 6.88930794241499366848e+00	 1.65750319333404227962e+00	-2.02963077088389454161e+01	-1.11701983527528341256e+02	 3.59859158353438690625e+00	 1.12340272210963476596e+01	 4.86385987250395501746e+01	0.00000000000000000000e+00	0.00000000000000000000e+00	0.00000000000000000000e+00	 5.88306481485828796502e-03	0.00000000000000000000e+00	0.00000000000000000000e+00	0.00000000000000000000e+00	 6.06286890205215414085e+01	
 1.22586755688902601833e+05	 2.52084424670483931550e+04	-7.11961335255844896892e+04	-1.86051261175649287179e+06	-1.84288820036513861851e+04	 2.02366073299751500599e+05	 6.07692640552204102278e+05	 8.40436906622256003629e+01	0.00000000000000000000e+00	0.00000000000000000000e+00	0.00000000000000000000e+00	 1.00731866233745869249e+06	0.00000000000000000000e+00	0.00000000000000000000e+00	0.00000000000000000000e+00	
 1.27291437636073824251e+05	 2.83717278344780570478e+04	-3.09175921010721285711e+04	-1.82534488985803094693e+06	-3.07702959079494357866e+04	 1.95420005169926909730e+05	 6.25196252426075516269e+05	-3.70016517425852953238e-15	 8.02287888105618378631e+01	-7.40033034851705906476e-15	0.00000000000000000000e+00	0.00000000000000000000e+00	 1.01382658850942098070e+06	 4.93431961956503073452e-11	0.00000000000000000000e+00	
 1.13790915286716015544e+05	 2.68447780827755486825e+04	 3.14086220772990564001e+04	-1.55678333279307279736e+06	-4.40508760999151418218e+04	 1.65506195714927569497e+05	 5.45106907837609527633e+05	 3.70076148545339655982e-15	 3.70076148545339655982e-15	 6.62021437885060066719e+01	0.00000000000000000000e+00	0.00000000000000000000e+00	 4.93431961956503073452e-11	 8.88136838710241834633e+05	0.00000000000000000000e+00	
 1.16148543399966467405e+05	 2.87472114129314177262e+04	 1.55372024217977770604e+05	-1.49572285707289073616e+06	-7.87584792441680474440e+04	 1.61342228382116009016e+05	 5.09886010976748715620e+05	 3.70016517425852953238e-15	 3.70016517425852953238e-15	 7.40033034851705906476e-15	 6.06286890205215414085e+01	0.00000000000000000000e+00	0.00000000000000000000e+00	0.00000000000000000000e+00	 8.82282545709138037637e+05	
