#           w0_fld,           wa_fld,          Omega_b,                h,              n_s,           sigma8,     Omega_m_camb,          P_shot0,          P_shot1,          P_shot2,          P_shot3,      lnbsigma8_0,      lnbsigma8_1,      lnbsigma8_2,      lnbsigma8_3
 7.04140275689430854982e+04	 1.63906295691999002884e+04	 8.05984879696844145656e+04	-7.68732079492720542476e+05	-5.60783207400407554815e+04	 8.78674755625964608043e+04	 2.37340191589392634341e+05	 8.41025724066839330817e+00	 8.51627853108378118918e+00	 7.28816298764009573574e+00	 6.88918516147847803666e+00	 1.22563717037960901507e+05	 1.27277972404449043097e+05	 1.13791810940776835196e+05	 1.16153714837445382727e+05	
 1.63906295691999002884e+04	 4.28311915174112164095e+03	 2.12739504609283067111e+04	-1.48556724711533228401e+05	-1.34437766864864479430e+04	 1.23135448491626193572e+04	 6.11092883801326679531e+04	 1.62106190631931479373e+00	 1.80318002118494313812e+00	 1.65183153422362094531e+00	 1.65765605372598479050e+00	 2.52048454860516285407e+04	 2.83692497233755420893e+04	 2.68455527581277747231e+04	 2.87496099233254644787e+04	
 8.05984879696844145656e+04	 2.12739504609283067111e+04	 4.61634196129713952541e+06	-1.75521474764136655722e+04	-8.84853814752819249406e+05	 2.81328410292869266414e+04	-1.60897443197683035396e+06	-3.85799113423419086644e+01	-3.51294417942073238237e+01	-2.67631906609310483702e+01	-2.03254574205038771595e+01	-7.13454044063589972211e+04	-3.10225181940457914607e+04	 3.13825145725636175484e+04	 1.55457975554046570323e+05	
-7.68732079492720542476e+05	-1.48556724711533228401e+05	-1.75521474764136655722e+04	 1.41015236831650920212e+07	 1.10999985507793404395e+05	-1.74043789713522372767e+06	-3.90078335024888627231e+06	-1.72335067105524103681e+02	-1.59218440803209375645e+02	-1.27027954372397999805e+02	-1.11693660379628909141e+02	-1.86045679523060936481e+06	-1.82530777848915429786e+06	-1.55676281805628864095e+06	-1.49573382310199178755e+06	
-5.60783207400407554815e+04	-1.34437766864864479430e+04	-8.84853814752819249406e+05	 1.10999985507793404395e+05	 2.53430215621763432864e+05	-4.10647859835544804810e+04	 3.11742790098581113853e+05	 8.59061444920928174440e+00	 7.55160127349990872858e+00	 5.44453791763751571153e+00	 3.60201580766312456916e+00	-1.83868080513704917394e+04	-3.07301729183089737489e+04	-4.40191236776961886790e+04	-7.87339855353597085923e+04	
 8.78674755625964608043e+04	 1.23135448491626193572e+04	 2.81328410292869266414e+04	-1.74043789713522372767e+06	-4.10647859835544804810e+04	 2.84968494245515146758e+05	 2.98854822361684055068e+05	 1.79442044192929444080e+01	 1.62483887841033549648e+01	 1.27784992421911223204e+01	 1.12303401908837372503e+01	 2.02330396566354145762e+05	 1.95378790219933376648e+05	 1.65456124410130549222e+05	 1.61284420542862091679e+05	
 2.37340191589392634341e+05	 6.11092883801326679531e+04	-1.60897443197683035396e+06	-3.90078335024888627231e+06	 3.11742790098581113853e+05	 2.98854822361684055068e+05	 2.28365124085639417171e+06	 6.55163339559302357884e+01	 6.38378623299901946098e+01	 5.33079339812364736417e+01	 4.86384305673413024351e+01	 6.07656560696017695591e+05	 6.25123701402503764257e+05	 5.45014354108556755818e+05	 5.09779869064197177067e+05	
 8.41025724066839330817e+00	 1.62106190631931479373e+00	-3.85799113423419086644e+01	-1.72335067105524103681e+02	 8.59061444920928174440e+00	 1.79442044192929444080e+01	 6.55163339559302357884e+01	 9.39739672180276743030e-03	0.00000000000000000000e+00	0.00000000000000000000e+00	0.00000000000000000000e+00	 8.40444143712196023444e+01	 3.70189989773450633948e-15	-3.70076148545339655982e-15	0.00000000000000000000e+00	
 8.51627853108378118918e+00	 1.80318002118494313812e+00	-3.51294417942073238237e+01	-1.59218440803209375645e+02	 7.55160127349990872858e+00	 1.62483887841033549648e+01	 6.38378623299901946098e+01	0.00000000000000000000e+00	 8.56401528577355186655e-03	0.00000000000000000000e+00	0.00000000000000000000e+00	0.00000000000000000000e+00	 8.02291852043677096162e+01	-3.70076148545339655982e-15	-3.70016517425852953238e-15	
 7.28816298764009573574e+00	 1.65183153422362094531e+00	-2.67631906609310483702e+01	-1.27027954372397999805e+02	 5.44453791763751571153e+00	 1.27784992421911223204e+01	 5.33079339812364736417e+01	0.00000000000000000000e+00	0.00000000000000000000e+00	 6.74652657306398090276e-03	0.00000000000000000000e+00	0.00000000000000000000e+00	-3.70189989773450633948e-15	 6.62026058844573697115e+01	 3.70016517425852953238e-15	
 6.88918516147847803666e+00	 1.65765605372598479050e+00	-2.03254574205038771595e+01	-1.11693660379628909141e+02	 3.60201580766312456916e+00	 1.12303401908837372503e+01	 4.86384305673413024351e+01	0.00000000000000000000e+00	0.00000000000000000000e+00	0.00000000000000000000e+00	 5.88347985756056297835e-03	0.00000000000000000000e+00	0.00000000000000000000e+00	-3.70076148545339655982e-15	 6.06282477134695341192e+01	
 1.22563717037960901507e+05	 2.52048454860516285407e+04	-7.13454044063589972211e+04	-1.86045679523060936481e+06	-1.83868080513704917394e+04	 2.02330396566354145762e+05	 6.07656560696017695591e+05	 8.40444143712196023444e+01	0.00000000000000000000e+00	0.00000000000000000000e+00	0.00000000000000000000e+00	 1.00730694143307325430e+06	0.00000000000000000000e+00	0.00000000000000000000e+00	0.00000000000000000000e+00	
 1.27277972404449043097e+05	 2.83692497233755420893e+04	-3.10225181940457914607e+04	-1.82530777848915429786e+06	-3.07301729183089737489e+04	 1.95378790219933376648e+05	 6.25123701402503764257e+05	 3.70189989773450633948e-15	 8.02291852043677096162e+01	-3.70189989773450633948e-15	0.00000000000000000000e+00	0.00000000000000000000e+00	 1.01382239990050485358e+06	0.00000000000000000000e+00	 4.93400875711813569069e-11	
 1.13791810940776835196e+05	 2.68455527581277747231e+04	 3.13825145725636175484e+04	-1.55676281805628864095e+06	-4.40191236776961886790e+04	 1.65456124410130549222e+05	 5.45014354108556755818e+05	-3.70076148545339655982e-15	-3.70076148545339655982e-15	 6.62026058844573697115e+01	-3.70076148545339655982e-15	0.00000000000000000000e+00	0.00000000000000000000e+00	 8.88150859967210795730e+05	0.00000000000000000000e+00	
 1.16153714837445382727e+05	 2.87496099233254644787e+04	 1.55457975554046570323e+05	-1.49573382310199178755e+06	-7.87339855353597085923e+04	 1.61284420542862091679e+05	 5.09779869064197177067e+05	0.00000000000000000000e+00	-3.70016517425852953238e-15	 3.70016517425852953238e-15	 6.06282477134695341192e+01	0.00000000000000000000e+00	 4.93400875711813569069e-11	0.00000000000000000000e+00	 8.82313228901485446841e+05	
