#           w0_fld,           wa_fld,          Omega_b,                h,              n_s,           sigma8,     Omega_m_camb,          P_shot0,          P_shot1,          P_shot2,          P_shot3,      lnbsigma8_0,      lnbsigma8_1,      lnbsigma8_2,      lnbsigma8_3
 7.69036009750560333487e+04	 1.81225429947911397903e+04	 1.86791620075208702474e+04	-8.84548952922956319526e+05	-3.64607851008484576596e+04	 9.43877647247230343055e+04	 3.13925521697254676837e+05	 1.23483644228798272735e+01	 1.23970412088930679317e+01	 1.03521527152429975160e+01	 9.31700258399861347414e+00	 1.43508484902789787157e+05	 1.46984892751483188476e+05	 1.28887442161678438424e+05	 1.27634705393779426231e+05	
 1.81225429947911397903e+04	 4.83198448474799261021e+03	 8.07289450212451356492e+03	-1.66822383958883438027e+05	-9.15362901409262849484e+03	 1.23816098794696226832e+04	 8.08699703278259839863e+04	 2.29539756881490486506e+00	 2.55995973213893135423e+00	 2.30735450760808147308e+00	 2.22101989357815865489e+00	 2.96877730823258461896e+04	 3.29497281830674910452e+04	 3.05685634421338654647e+04	 3.17308158162890904350e+04	
 1.86791620075208702474e+04	 8.07289450212451356492e+03	 5.38716829048302583396e+06	 1.72364439902435895056e+06	-1.12864126638268795796e+06	-1.11151047253324533813e+05	-2.43444283003784529865e+06	-9.86375173529562800923e+01	-8.71392753451276291798e+01	-6.44772326398579025408e+01	-4.83351187227784464540e+01	-3.24577364983901614323e+05	-2.58824350224278692622e+05	-1.38821182550680532586e+05	 2.77004442013977495662e+04	
-8.84548952922956319526e+05	-1.66822383958883438027e+05	 1.72364439902435895056e+06	 1.85340935207893885672e+07	-4.46237440322355949320e+05	-2.14253534374690521508e+06	-5.59330984643514081836e+06	-3.17368860944228515564e+02	-2.83212967881750159904e+02	-2.15671664607223590338e+02	-1.76393632444825868788e+02	-2.41585478624151041731e+06	-2.32246345742143690586e+06	-1.92573448954895255156e+06	-1.77002630550411483273e+06	
-3.64607851008484576596e+04	-9.15362901409262849484e+03	-1.12864126638268795796e+06	-4.46237440322355949320e+05	 3.32703207000312046148e+05	 2.04446343162543962535e+03	 5.80712326408625347540e+05	 2.77327603749296045521e+01	 2.43495881033558916329e+01	 1.77856778032141846779e+01	 1.29098091569880750740e+01	 6.19932946956920495722e+04	 4.25015374622184390319e+04	 1.13506945965216400509e+04	-3.66327369199934764765e+04	
 9.43877647247230343055e+04	 1.23816098794696226832e+04	-1.11151047253324533813e+05	-2.14253534374690521508e+06	 2.04446343162543962535e+03	 3.27797271418339165393e+05	 4.06869312375192355830e+05	 3.01793133880061432706e+01	 2.64330902129258511479e+01	 1.98850415244498428535e+01	 1.63172689391336049880e+01	 2.43628542209236184135e+05	 2.31537135238765098620e+05	 1.91801199798237183131e+05	 1.80665913300837040879e+05	
 3.13925521697254676837e+05	 8.08699703278259839863e+04	-2.43444283003784529865e+06	-5.59330984643514081836e+06	 5.80712326408625347540e+05	 4.06869312375192355830e+05	 3.28941166527297627181e+06	 1.25737247269581501996e+02	 1.18089029831681330052e+02	 9.43222893687629095893e+01	 8.06644593948344379442e+01	 8.83147933421092573553e+05	 8.83098541851430432871e+05	 7.45059158640063717030e+05	 6.66158244529899558984e+05	
 1.23483644228798272735e+01	 2.29539756881490486506e+00	-9.86375173529562800923e+01	-3.17368860944228515564e+02	 2.77327603749296045521e+01	 3.01793133880061432706e+01	 1.25737247269581501996e+02	 2.40791946686405231026e-02	0.00000000000000000000e+00	0.00000000000000000000e+00	0.00000000000000000000e+00	 1.42888418189161427563e+02	0.00000000000000000000e+00	0.00000000000000000000e+00	0.00000000000000000000e+00	
 1.23970412088930679317e+01	 2.55995973213893135423e+00	-8.71392753451276291798e+01	-2.83212967881750159904e+02	 2.43495881033558916329e+01	 2.64330902129258511479e+01	 1.18089029831681330052e+02	0.00000000000000000000e+00	 2.10244815181708372132e-02	-8.72655693908742924325e-19	0.00000000000000000000e+00	0.00000000000000000000e+00	 1.32374657507794893263e+02	0.00000000000000000000e+00	0.00000000000000000000e+00	
 1.03521527152429975160e+01	 2.30735450760808147308e+00	-6.44772326398579025408e+01	-2.15671664607223590338e+02	 1.77856778032141846779e+01	 1.98850415244498428535e+01	 9.43222893687629095893e+01	0.00000000000000000000e+00	-8.72655693908742924325e-19	 1.56723409643379149592e-02	0.00000000000000000000e+00	0.00000000000000000000e+00	0.00000000000000000000e+00	 1.04876263225342654550e+02	0.00000000000000000000e+00	
 9.31700258399861347414e+00	 2.22101989357815865489e+00	-4.83351187227784464540e+01	-1.76393632444825868788e+02	 1.29098091569880750740e+01	 1.63172689391336049880e+01	 8.06644593948344379442e+01	0.00000000000000000000e+00	0.00000000000000000000e+00	0.00000000000000000000e+00	 1.25776432253831421670e-02	0.00000000000000000000e+00	0.00000000000000000000e+00	0.00000000000000000000e+00	 9.00837041447808815064e+01	
 1.43508484902789787157e+05	 2.96877730823258461896e+04	-3.24577364983901614323e+05	-2.41585478624151041731e+06	 6.19932946956920495722e+04	 2.43628542209236184135e+05	 8.83147933421092573553e+05	 1.42888418189161427563e+02	0.00000000000000000000e+00	0.00000000000000000000e+00	0.00000000000000000000e+00	 1.26635217693906859495e+06	-6.79705181028111837804e-11	0.00000000000000000000e+00	0.00000000000000000000e+00	
 1.46984892751483188476e+05	 3.29497281830674910452e+04	-2.58824350224278692622e+05	-2.32246345742143690586e+06	 4.25015374622184390319e+04	 2.31537135238765098620e+05	 8.83098541851430432871e+05	0.00000000000000000000e+00	 1.32374657507794893263e+02	0.00000000000000000000e+00	0.00000000000000000000e+00	-6.79705181028111837804e-11	 1.25125674054417456500e+06	0.00000000000000000000e+00	0.00000000000000000000e+00	
 1.28887442161678438424e+05	 3.05685634421338654647e+04	-1.38821182550680532586e+05	-1.92573448954895255156e+06	 1.13506945965216400509e+04	 1.91801199798237183131e+05	 7.45059158640063717030e+05	0.00000000000000000000e+00	0.00000000000000000000e+00	 1.04876263225342654550e+02	0.00000000000000000000e+00	0.00000000000000000000e+00	0.00000000000000000000e+00	 1.06871763457962032408e+06	0.00000000000000000000e+00	
 1.27634705393779426231e+05	 3.17308158162890904350e+04	 2.77004442013977495662e+04	-1.77002630550411483273e+06	-3.66327369199934764765e+04	 1.80665913300837040879e+05	 6.66158244529899558984e+05	0.00000000000000000000e+00	0.00000000000000000000e+00	0.00000000000000000000e+00	 9.00837041447808815064e+01	0.00000000000000000000e+00	0.00000000000000000000e+00	0.00000000000000000000e+00	 1.02039085366383241490e+06	
