#           w0_fld,           wa_fld,          Omega_b,                h,              n_s,           sigma8,     Omega_m_camb,          P_shot0,          P_shot1,          P_shot2,          P_shot3,      lnbsigma8_0,      lnbsigma8_1,      lnbsigma8_2,      lnbsigma8_3
 7.68999233247234078590e+04	 1.81212409320722072152e+04	 1.86721444447890717129e+04	-8.84542531375075806864e+05	-3.64627689076586466399e+04	 9.43853973217108868994e+04	 3.13998135118708538357e+05	 1.23482320756419063912e+01	 1.23968862973559232898e+01	 1.03521641147393967941e+01	 9.31702647038757092446e+00	 1.43504760330838296795e+05	 1.46980830494565248955e+05	 1.28885087962714052992e+05	 1.27632248935584997525e+05	
 1.81212409320722072152e+04	 4.83175076376759352570e+03	 8.07894259994741514674e+03	-1.66843973947988415603e+05	-9.15444667892626239336e+03	 1.23806412480041253730e+04	 8.08684003378412453458e+04	 2.29514170265369177315e+00	 2.55973788268089297304e+00	 2.30720259569495400598e+00	 2.22088610698884636463e+00	 2.96858835830312746111e+04	 3.29480317694560799282e+04	 3.05673444706032751128e+04	 3.17297090732224714884e+04	
 1.86721444447890717129e+04	 8.07894259994741514674e+03	 5.38710341522467415780e+06	 1.72402144999751262367e+06	-1.12862075207190751098e+06	-1.11171952396287466399e+05	-2.43388129248704342172e+06	-9.86341331339679925350e+01	-8.71375286763282304037e+01	-6.44768327384604731378e+01	-4.83358331799321234712e+01	-3.24600561468032887205e+05	-2.58857346072798303794e+05	-1.38858567491858324502e+05	 2.76522241667914931895e+04	
-8.84542531375075806864e+05	-1.66843973947988415603e+05	 1.72402144999751262367e+06	 1.85354195311922170222e+07	-4.46378924580789112952e+05	-2.14255299314904026687e+06	-5.59319952506004739553e+06	-3.17399293406626895830e+02	-2.83243084075812816991e+02	-2.15696993946195703984e+02	-1.76414946401254724151e+02	-2.41592014320155326277e+06	-2.32253277251209132373e+06	-1.92579765070405579172e+06	-1.77008077188535965979e+06	
-3.64627689076586466399e+04	-9.15444667892626239336e+03	-1.12862075207190751098e+06	-4.46378924580789112952e+05	 3.32706178823659312911e+05	 2.04328622894957288736e+03	 5.80522407941770274192e+05	 2.77331443777271289264e+01	 2.43498373924768642951e+01	 1.77857898460215153591e+01	 1.29098282990209725085e+01	 6.19912367456530118943e+04	 4.24996983821440662723e+04	 1.13494732737706053740e+04	-3.66330167751572880661e+04	
 9.43853973217108868994e+04	 1.23806412480041253730e+04	-1.11171952396287466399e+05	-2.14255299314904026687e+06	 2.04328622894957288736e+03	 3.27797504156578506809e+05	 4.06879190478500095196e+05	 3.01795780894347700496e+01	 2.64332614508258636477e+01	 1.98851266131423969341e+01	 1.63173034944956008019e+01	 2.43628882706852338742e+05	 2.31537335939884243999e+05	 1.91801243701555300504e+05	 1.80665825024517369457e+05	
 3.13998135118708538357e+05	 8.08684003378412453458e+04	-2.43388129248704342172e+06	-5.59319952506004739553e+06	 5.80522407941770274192e+05	 4.06879190478500095196e+05	 3.28864651696309028193e+06	 1.25719167594994758019e+02	 1.18070542183311516737e+02	 9.43072739338926453456e+01	 8.06528972829619306140e+01	 8.83084874366848845966e+05	 8.83032305218057706952e+05	 7.45012107824095524848e+05	 6.66145513782051857561e+05	
 1.23482320756419063912e+01	 2.29514170265369177315e+00	-9.86341331339679925350e+01	-3.17399293406626895830e+02	 2.77331443777271289264e+01	 3.01795780894347700496e+01	 1.25719167594994758019e+02	 2.40793070077139487184e-02	 1.10961316090313344418e-18	0.00000000000000000000e+00	0.00000000000000000000e+00	 1.42889713887799700842e+02	0.00000000000000000000e+00	0.00000000000000000000e+00	0.00000000000000000000e+00	
 1.23968862973559232898e+01	 2.55973788268089297304e+00	-8.71375286763282304037e+01	-2.83243084075812816991e+02	 2.43498373924768642951e+01	 2.64332614508258636477e+01	 1.18070542183311516737e+02	 1.10961316090313344418e-18	 2.10245521341589913789e-02	0.00000000000000000000e+00	0.00000000000000000000e+00	-8.88178419700125232339e-15	 1.32375471110415787734e+02	0.00000000000000000000e+00	0.00000000000000000000e+00	
 1.03521641147393967941e+01	 2.30720259569495400598e+00	-6.44768327384604731378e+01	-2.15696993946195703984e+02	 1.77857898460215153591e+01	 1.98851266131423969341e+01	 9.43072739338926453456e+01	0.00000000000000000000e+00	0.00000000000000000000e+00	 1.56723744299008954650e-02	0.00000000000000000000e+00	0.00000000000000000000e+00	0.00000000000000000000e+00	 1.04876593700122697328e+02	0.00000000000000000000e+00	
 9.31702647038757092446e+00	 2.22088610698884636463e+00	-4.83358331799321234712e+01	-1.76414946401254724151e+02	 1.29098282990209725085e+01	 1.63173034944956008019e+01	 8.06528972829619306140e+01	0.00000000000000000000e+00	0.00000000000000000000e+00	0.00000000000000000000e+00	 1.25776550402117541505e-02	0.00000000000000000000e+00	0.00000000000000000000e+00	0.00000000000000000000e+00	 9.00837222945962707854e+01	
 1.43504760330838296795e+05	 2.96858835830312746111e+04	-3.24600561468032887205e+05	-2.41592014320155326277e+06	 6.19912367456530118943e+04	 2.43628882706852338742e+05	 8.83084874366848845966e+05	 1.42889713887799700842e+02	-8.88178419700125232339e-15	0.00000000000000000000e+00	0.00000000000000000000e+00	 1.26635068780521978624e+06	0.00000000000000000000e+00	0.00000000000000000000e+00	0.00000000000000000000e+00	
 1.46980830494565248955e+05	 3.29480317694560799282e+04	-2.58857346072798303794e+05	-2.32253277251209132373e+06	 4.24996983821440662723e+04	 2.31537335939884243999e+05	 8.83032305218057706952e+05	0.00000000000000000000e+00	 1.32375471110415787734e+02	0.00000000000000000000e+00	0.00000000000000000000e+00	0.00000000000000000000e+00	 1.25125539827157300897e+06	0.00000000000000000000e+00	0.00000000000000000000e+00	
 1.28885087962714052992e+05	 3.05673444706032751128e+04	-1.38858567491858324502e+05	-1.92579765070405579172e+06	 1.13494732737706053740e+04	 1.91801243701555300504e+05	 7.45012107824095524848e+05	0.00000000000000000000e+00	0.00000000000000000000e+00	 1.04876593700122697328e+02	0.00000000000000000000e+00	0.00000000000000000000e+00	0.00000000000000000000e+00	 1.06871674190145940520e+06	0.00000000000000000000e+00	
 1.27632248935584997525e+05	 3.17297090732224714884e+04	 2.76522241667914931895e+04	-1.77008077188535965979e+06	-3.66330167751572880661e+04	 1.80665825024517369457e+05	 6.66145513782051857561e+05	0.00000000000000000000e+00	0.00000000000000000000e+00	0.00000000000000000000e+00	 9.00837222945962707854e+01	0.00000000000000000000e+00	0.00000000000000000000e+00	0.00000000000000000000e+00	 1.02039073152123589534e+06	
