#           w0_fld,           wa_fld,          Omega_b,                h,              n_s,           sigma8,     Omega_m_camb,          P_shot0,          P_shot1,          P_shot2,          P_shot3,      lnbsigma8_0,      lnbsigma8_1,      lnbsigma8_2,      lnbsigma8_3
 7.68158341420610959176e+04	 1.81023517872542943223e+04	 1.88582629428475265740e+04	-8.84333901939345174469e+05	-3.64467476420676684938e+04	 9.43301902355819474906e+04	 3.13735095629159186501e+05	 1.23406815688709272649e+01	 1.23888655771432514285e+01	 1.03444359219619137491e+01	 9.31038109344608955098e+00	 1.43429746704761229921e+05	 1.46898908419827872422e+05	 1.28804842553165362915e+05	 1.27561771946739841951e+05	
 1.81023517872542943223e+04	 4.82794645497868714301e+03	 8.11934514748100627912e+03	-1.66800021857586514670e+05	-9.15157992739580367925e+03	 1.23655491977778001456e+04	 8.08162638622865488287e+04	 2.29359497350362318002e+00	 2.55788092766039820702e+00	 2.30529895188905875614e+00	 2.21907145412681217067e+00	 2.96703663557508189115e+04	 3.29294756233105072170e+04	 3.05479676934527124104e+04	 3.17104298693625241867e+04	
 1.88582629428475265740e+04	 8.11934514748100627912e+03	 5.39613717383612506092e+06	 1.72812577233811072074e+06	-1.12962886858933698386e+06	-1.11158979099121701438e+05	-2.43696997461606096476e+06	-9.87652488296097885723e+01	-8.72524100373049122936e+01	-6.45602902094829858015e+01	-4.83968658549888459675e+01	-3.24965653297155862674e+05	-2.59145003060470015043e+05	-1.39005425791003741324e+05	 2.76823423549444669334e+04	
-8.84333901939345174469e+05	-1.66800021857586514670e+05	 1.72812577233811072074e+06	 1.85403299154597334564e+07	-4.46442852855949196965e+05	-2.14343639118477329612e+06	-5.59316792390282917768e+06	-3.17443615905630281304e+02	-2.83281787982419473337e+02	-2.15728201724464383915e+02	-1.76438928568842243294e+02	-2.41619649698565900326e+06	-2.32280679155634157360e+06	-1.92607236086448328570e+06	-1.77042414612435642630e+06	
-3.64467476420676684938e+04	-9.15157992739580367925e+03	-1.12962886858933698386e+06	-4.46442852855949196965e+05	 3.32717670084655168466e+05	 2.03739438685955610708e+03	 5.81113385912231868133e+05	 2.77414430174529513806e+01	 2.43571999447783440473e+01	 1.77913594485320452065e+01	 1.29143466642310329462e+01	 6.20367629289078322472e+04	 4.25417158741991734132e+04	 1.13814239105203268991e+04	-3.66109841643663385184e+04	
 9.43301902355819474906e+04	 1.23655491977778001456e+04	-1.11158979099121701438e+05	-2.14343639118477329612e+06	 2.03739438685955610708e+03	 3.27916283897005894687e+05	 4.06797324842499685474e+05	 3.01805631429755223394e+01	 2.64348617083995875987e+01	 1.98879950229488144942e+01	 1.63203662638381423733e+01	 2.43632618817405716982e+05	 2.31550383989369554911e+05	 1.91832311839916917961e+05	 1.80714476109740062384e+05	
 3.13735095629159186501e+05	 8.08162638622865488287e+04	-2.43696997461606096476e+06	-5.59316792390282917768e+06	 5.81113385912231868133e+05	 4.06797324842499685474e+05	 3.28959619464239152148e+06	 1.25761437202854750694e+02	 1.18104447453300579696e+02	 9.43267592712068676519e+01	 8.06625840437063033050e+01	 8.83070481627864064649e+05	 8.82970977697114227340e+05	 7.44900188417403958738e+05	 6.65945125250856624916e+05	
 1.23406815688709272649e+01	 2.29359497350362318002e+00	-9.87652488296097885723e+01	-3.17443615905630281304e+02	 2.77414430174529513806e+01	 3.01805631429755223394e+01	 1.25761437202854750694e+02	 2.40820301193083625979e-02	0.00000000000000000000e+00	0.00000000000000000000e+00	0.00000000000000000000e+00	 1.42882456900887234497e+02	0.00000000000000000000e+00	0.00000000000000000000e+00	-8.88178419700125232339e-15	
 1.23888655771432514285e+01	 2.55788092766039820702e+00	-8.72524100373049122936e+01	-2.83281787982419473337e+02	 2.43571999447783440473e+01	 2.64348617083995875987e+01	 1.18104447453300579696e+02	0.00000000000000000000e+00	 2.10266061581888437371e-02	0.00000000000000000000e+00	0.00000000000000000000e+00	-8.88178419700125232339e-15	 1.32366687833275875619e+02	0.00000000000000000000e+00	-8.88178419700125232339e-15	
 1.03444359219619137491e+01	 2.30529895188905875614e+00	-6.45602902094829858015e+01	-2.15728201724464383915e+02	 1.77913594485320452065e+01	 1.98879950229488144942e+01	 9.43267592712068676519e+01	0.00000000000000000000e+00	0.00000000000000000000e+00	 1.56735528955243876015e-02	0.00000000000000000000e+00	-8.88178419700125232339e-15	0.00000000000000000000e+00	 1.04866908257960574247e+02	 4.44089209850062616169e-15	
 9.31038109344608955098e+00	 2.21907145412681217067e+00	-4.83968658549888459675e+01	-1.76438928568842243294e+02	 1.29143466642310329462e+01	 1.63203662638381423733e+01	 8.06625840437063033050e+01	0.00000000000000000000e+00	0.00000000000000000000e+00	0.00000000000000000000e+00	 1.25782100402969266445e-02	-8.88178419700125232339e-15	0.00000000000000000000e+00	0.00000000000000000000e+00	 9.00739608292616082963e+01	
 1.43429746704761229921e+05	 2.96703663557508189115e+04	-3.24965653297155862674e+05	-2.41619649698565900326e+06	 6.20367629289078322472e+04	 2.43632618817405716982e+05	 8.83070481627864064649e+05	 1.42882456900887234497e+02	-8.88178419700125232339e-15	-8.88178419700125232339e-15	-8.88178419700125232339e-15	 1.26620224428738281131e+06	0.00000000000000000000e+00	0.00000000000000000000e+00	 3.55271367880050092936e-11	
 1.46898908419827872422e+05	 3.29294756233105072170e+04	-2.59145003060470015043e+05	-2.32280679155634157360e+06	 4.25417158741991734132e+04	 2.31550383989369554911e+05	 8.82970977697114227340e+05	0.00000000000000000000e+00	 1.32366687833275875619e+02	0.00000000000000000000e+00	0.00000000000000000000e+00	0.00000000000000000000e+00	 1.25110496031782031059e+06	0.00000000000000000000e+00	0.00000000000000000000e+00	
 1.28804842553165362915e+05	 3.05479676934527124104e+04	-1.39005425791003741324e+05	-1.92607236086448328570e+06	 1.13814239105203268991e+04	 1.91832311839916917961e+05	 7.44900188417403958738e+05	0.00000000000000000000e+00	0.00000000000000000000e+00	 1.04866908257960574247e+02	0.00000000000000000000e+00	0.00000000000000000000e+00	0.00000000000000000000e+00	 1.06858103899851604365e+06	0.00000000000000000000e+00	
 1.27561771946739841951e+05	 3.17104298693625241867e+04	 2.76823423549444669334e+04	-1.77042414612435642630e+06	-3.66109841643663385184e+04	 1.80714476109740062384e+05	 6.65945125250856624916e+05	-8.88178419700125232339e-15	-8.88178419700125232339e-15	 4.44089209850062616169e-15	 9.00739608292616082963e+01	 3.55271367880050092936e-11	0.00000000000000000000e+00	0.00000000000000000000e+00	 1.02029258154387888499e+06	
