#           w0_fld,           wa_fld,          Omega_b,                h,              n_s,           sigma8,     Omega_m_camb,          P_shot0,          P_shot1,          P_shot2,          P_shot3,      lnbsigma8_0,      lnbsigma8_1,      lnbsigma8_2,      lnbsigma8_3
 7.163122e-03	-2.151167e-02	 1.200363e-04	-9.991984e-05	-7.046060e-04	-7.442669e-04	 7.191925e-04	 7.321664e-01	 5.399848e-01	 4.548234e-01	 3.305088e-01	-8.715824e-04	-8.373863e-04	-8.154926e-04	-7.957065e-04	
-2.151167e-02	 7.568562e-02	-3.487352e-04	 8.669456e-05	 2.496138e-03	 2.200297e-03	-2.177278e-03	-2.779210e+00	-2.223242e+00	-2.001926e+00	-1.638931e+00	 2.018945e-03	 1.900767e-03	 1.829229e-03	 1.766502e-03	
 1.200363e-04	-3.487352e-04	 3.268979e-06	-8.793450e-07	-8.279904e-06	-7.820875e-06	 1.310578e-05	 1.393748e-02	 1.048971e-02	 8.936949e-03	 6.435382e-03	-1.501870e-05	-1.446732e-05	-1.416805e-05	-1.379884e-05	
-9.991984e-05	 8.669456e-05	-8.793450e-07	 8.427187e-06	 1.001091e-05	 1.997495e-05	-1.105810e-05	 6.977490e-03	 9.796488e-03	 1.019311e-02	 1.112382e-02	 2.773008e-05	 2.760889e-05	 2.753957e-05	 2.744411e-05	
-7.046060e-04	 2.496138e-03	-8.279904e-06	 1.001091e-05	 1.600192e-04	 7.772120e-05	-9.830444e-05	-1.400990e-01	-1.350284e-01	-1.351161e-01	-1.322649e-01	 9.952312e-05	 9.782681e-05	 9.659241e-05	 9.618355e-05	
-7.442669e-04	 2.200297e-03	-7.820875e-06	 1.997495e-05	 7.772120e-05	 1.224439e-04	-6.593721e-05	-4.696979e-02	-2.386788e-02	-1.914646e-02	-7.814349e-03	 9.279919e-05	 8.855469e-05	 8.639287e-05	 8.430425e-05	
 7.191925e-04	-2.177278e-03	 1.310578e-05	-1.105810e-05	-9.830444e-05	-6.593721e-05	 8.791906e-05	 9.084363e-02	 7.590671e-02	 6.954398e-02	 5.806409e-02	-1.018839e-04	-9.941932e-05	-9.772942e-05	-9.613749e-05	
 7.321664e-01	-2.779210e+00	 1.393748e-02	 6.977490e-03	-1.400990e-01	-4.696979e-02	 9.084363e-02	 3.387864e+02	 2.133790e+02	 2.102847e+02	 2.130125e+02	-8.623184e-02	-7.048291e-02	-6.844182e-02	-6.854905e-02	
 5.399848e-01	-2.223242e+00	 1.048971e-02	 9.796488e-03	-1.350284e-01	-2.386788e-02	 7.590671e-02	 2.133790e+02	 3.585313e+02	 2.208834e+02	 2.243254e+02	-5.328547e-02	-6.719229e-02	-5.154817e-02	-5.230338e-02	
 4.548234e-01	-2.001926e+00	 8.936949e-03	 1.019311e-02	-1.351161e-01	-1.914646e-02	 6.954398e-02	 2.102847e+02	 2.208834e+02	 4.055278e+02	 2.279232e+02	-4.461976e-02	-4.418052e-02	-6.165828e-02	-4.480715e-02	
 3.305088e-01	-1.638931e+00	 6.435382e-03	 1.112382e-02	-1.322649e-01	-7.814349e-03	 5.806409e-02	 2.130125e+02	 2.243254e+02	 2.279232e+02	 4.541614e+02	-3.261048e-02	-3.283462e-02	-3.222842e-02	-5.299639e-02	
-8.715824e-04	 2.018945e-03	-1.501870e-05	 2.773008e-05	 9.952312e-05	 9.279919e-05	-1.018839e-04	-8.623184e-02	-5.328547e-02	-4.461976e-02	-3.261048e-02	 1.590118e-04	 1.544282e-04	 1.526467e-04	 1.511150e-04	
-8.373863e-04	 1.900767e-03	-1.446732e-05	 2.760889e-05	 9.782681e-05	 8.855469e-05	-9.941932e-05	-7.048291e-02	-6.719229e-02	-4.418052e-02	-3.283462e-02	 1.544282e-04	 1.547924e-04	 1.508077e-04	 1.494526e-04	
-8.154926e-04	 1.829229e-03	-1.416805e-05	 2.753957e-05	 9.659241e-05	 8.639287e-05	-9.772942e-05	-6.844182e-02	-5.154817e-02	-6.165828e-02	-3.222842e-02	 1.526467e-04	 1.508077e-04	 1.519674e-04	 1.479730e-04	
-7.957065e-04	 1.766502e-03	-1.379884e-05	 2.744411e-05	 9.618355e-05	 8.430425e-05	-9.613749e-05	-6.854905e-02	-5.230338e-02	-4.480715e-02	-5.299639e-02	 1.511150e-04	 1.494526e-04	 1.479730e-04	 1.494136e-04	
