#           w0_fld,           wa_fld,          Omega_b,                h,              n_s,           sigma8,     Omega_m_camb,          P_shot0,          P_shot1,          P_shot2,          P_shot3,      lnbsigma8_0,      lnbsigma8_1,      lnbsigma8_2,      lnbsigma8_3
 7.67981052514107723255e+04	 1.82246086616606298776e+04	 1.67188370751893307897e+04	-8.87583056902535259724e+05	-3.60735130795849108836e+04	 9.40062408917226712219e+04	 3.18567208609550842084e+05	 1.25406903575325330280e+01	 1.24957840987299046986e+01	 1.03753036229154869119e+01	 9.28547797469001245929e+00	 1.44702678123232442886e+05	 1.47731587646180007141e+05	 1.29136696471571776783e+05	 1.27345460094409194426e+05	
 1.82246086616606298776e+04	 4.77869727813043755305e+03	 7.46747229400239848474e+03	-1.75061144062325096456e+05	-9.10552629643112777558e+03	 1.38667259280213820603e+04	 8.07319598521837906446e+04	 2.39946574688078229087e+00	 2.64360725087158865421e+00	 2.36153890390648069086e+00	 2.25454555239678722245e+00	 3.02952829285644329502e+04	 3.35122791725561255589e+04	 3.09946142402333280188e+04	 3.20496888137801033736e+04	
 1.67188370751893307897e+04	 7.46747229400239848474e+03	 5.40899574948946107179e+06	 1.71692494015653128736e+06	-1.12923205324807623401e+06	-1.13362635710628732340e+05	-2.44725397780589852482e+06	-9.88534297708200142552e+01	-8.73181000091331469548e+01	-6.45985616117203562681e+01	-4.84114272571375749976e+01	-3.26623557274545251857e+05	-2.60516962334067095071e+05	-1.39928439613041729899e+05	 2.70617257185555790784e+04	
-8.87583056902535259724e+05	-1.75061144062325096456e+05	 1.71692494015653128736e+06	 1.82526402465458624065e+07	-4.48928716484377277084e+05	-2.07308732490864349529e+06	-5.75815518899427819997e+06	-3.15817284238663376073e+02	-2.81893812168990450573e+02	-2.14712841839756578111e+02	-1.75618841475362785332e+02	-2.41809018080508802086e+06	-2.32359639902715943754e+06	-1.92551865526219457388e+06	-1.76784620694264164194e+06	
-3.60735130795849108836e+04	-9.10552629643112777558e+03	-1.12923205324807623401e+06	-4.48928716484377277084e+05	 3.32686813014567364007e+05	 3.69772981817440813757e+03	 5.81951210983980563469e+05	 2.77903486365000240710e+01	 2.44015378289964850467e+01	 1.78247282414995424915e+01	 1.29392867864905980468e+01	 6.26404197683540696744e+04	 4.30873115507845068350e+04	 1.17937304696600840543e+04	-3.62637402061907050665e+04	
 9.40062408917226712219e+04	 1.38667259280213820603e+04	-1.13362635710628732340e+05	-2.07308732490864349529e+06	 3.69772981817440813757e+03	 3.10262109097928798292e+05	 4.37525263617207936477e+05	 2.98224264279065280903e+01	 2.61065959615391633974e+01	 1.96257060014200916953e+01	 1.60817702493775485095e+01	 2.42522415048293245491e+05	 2.30110468001726374496e+05	 1.90202707085198431741e+05	 1.78459796632744953968e+05	
 3.18567208609550842084e+05	 8.07319598521837906446e+04	-2.44725397780589852482e+06	-5.75815518899427819997e+06	 5.81951210983980563469e+05	 4.37525263617207936477e+05	 3.30259096193220932037e+06	 1.27519102092090278688e+02	 1.19827420379263116956e+02	 9.57297183347157272237e+01	 8.18870794609110390638e+01	 8.95014943953746696934e+05	 8.95746825557269388810e+05	 7.56529586996129015461e+05	 6.77934841437245020643e+05	
 1.25406903575325330280e+01	 2.39946574688078229087e+00	-9.88534297708200142552e+01	-3.15817284238663376073e+02	 2.77903486365000240710e+01	 2.98224264279065280903e+01	 1.27519102092090278688e+02	 2.40301837797122393170e-02	0.00000000000000000000e+00	0.00000000000000000000e+00	 8.67361737988403547206e-19	 1.43428635358365653474e+02	0.00000000000000000000e+00	0.00000000000000000000e+00	0.00000000000000000000e+00	
 1.24957840987299046986e+01	 2.64360725087158865421e+00	-8.73181000091331469548e+01	-2.81893812168990450573e+02	 2.44015378289964850467e+01	 2.61065959615391633974e+01	 1.19827420379263116956e+02	0.00000000000000000000e+00	 2.09927115477301536040e-02	-8.67361737988403547206e-19	 1.73472347597680709441e-18	0.00000000000000000000e+00	 1.32865386361003288584e+02	0.00000000000000000000e+00	0.00000000000000000000e+00	
 1.03753036229154869119e+01	 2.36153890390648069086e+00	-6.45985616117203562681e+01	-2.14712841839756578111e+02	 1.78247282414995424915e+01	 1.96257060014200916953e+01	 9.57297183347157272237e+01	0.00000000000000000000e+00	-8.67361737988403547206e-19	 1.56575121876758802109e-02	-6.50521303491302660404e-19	0.00000000000000000000e+00	0.00000000000000000000e+00	 1.05253767338354862204e+02	0.00000000000000000000e+00	
 9.28547797469001245929e+00	 2.25454555239678722245e+00	-4.84114272571375749976e+01	-1.75618841475362785332e+02	 1.29392867864905980468e+01	 1.60817702493775485095e+01	 8.18870794609110390638e+01	 8.67361737988403547206e-19	 1.73472347597680709441e-18	-6.50521303491302660404e-19	 1.25737140211004804619e-02	0.00000000000000000000e+00	0.00000000000000000000e+00	0.00000000000000000000e+00	 9.03874420133054172766e+01	
 1.44702678123232442886e+05	 3.02952829285644329502e+04	-3.26623557274545251857e+05	-2.41809018080508802086e+06	 6.26404197683540696744e+04	 2.42522415048293245491e+05	 8.95014943953746696934e+05	 1.43428635358365653474e+02	0.00000000000000000000e+00	0.00000000000000000000e+00	0.00000000000000000000e+00	 1.27184603124051564373e+06	0.00000000000000000000e+00	0.00000000000000000000e+00	0.00000000000000000000e+00	
 1.47731587646180007141e+05	 3.35122791725561255589e+04	-2.60516962334067095071e+05	-2.32359639902715943754e+06	 4.30873115507845068350e+04	 2.30110468001726374496e+05	 8.95746825557269388810e+05	0.00000000000000000000e+00	 1.32865386361003288584e+02	0.00000000000000000000e+00	0.00000000000000000000e+00	0.00000000000000000000e+00	 1.25654331789731956087e+06	0.00000000000000000000e+00	0.00000000000000000000e+00	
 1.29136696471571776783e+05	 3.09946142402333280188e+04	-1.39928439613041729899e+05	-1.92551865526219457388e+06	 1.17937304696600840543e+04	 1.90202707085198431741e+05	 7.56529586996129015461e+05	0.00000000000000000000e+00	0.00000000000000000000e+00	 1.05253767338354862204e+02	0.00000000000000000000e+00	0.00000000000000000000e+00	0.00000000000000000000e+00	 1.07302605539378128015e+06	0.00000000000000000000e+00	
 1.27345460094409194426e+05	 3.20496888137801033736e+04	 2.70617257185555790784e+04	-1.76784620694264164194e+06	-3.62637402061907050665e+04	 1.78459796632744953968e+05	 6.77934841437245020643e+05	0.00000000000000000000e+00	0.00000000000000000000e+00	0.00000000000000000000e+00	 9.03874420133054172766e+01	0.00000000000000000000e+00	0.00000000000000000000e+00	0.00000000000000000000e+00	 1.02406457120914536063e+06	
