#           w0_fld,           wa_fld,          Omega_b,                h,              n_s,           sigma8,     Omega_m_camb,          P_shot0,          P_shot1,          P_shot2,          P_shot3,      lnbsigma8_0,      lnbsigma8_1,      lnbsigma8_2,      lnbsigma8_3
 2.28538565463238519442e+04	 8.10490585669083520770e+03	 5.70158816628597676754e+05	-1.16654484140342473984e+06	-1.96142643867762759328e+05	 1.52608332864679396152e+05	 5.78366255118064582348e+05	 2.27168366193495785410e+01	 2.24058515303427157050e+01	 1.77109526771541823109e+01	 1.42484425498864766269e+01	 2.02343597372550517321e+05	 2.02029236708268523216e+05	 1.68424770836919546127e+05	 1.51445477005803957582e+05	
 8.10490585669083520770e+03	 3.73618185954808359384e+03	 1.43376390292048454285e+05	-1.97499912422567605972e+05	-4.78724825400840491056e+04	 2.15529027099749073386e+04	 1.40772644978359341621e+05	 3.73013560353138018399e+00	 4.25943010755304385384e+00	 3.73217880183040051634e+00	 3.28328797591393595212e+00	 4.01991688331915065646e+04	 4.38908043064242228866e+04	 3.90114308006279170513e+04	 3.70688179668774828315e+04	
 5.70158816628597676754e+05	 1.43376390292048454285e+05	 9.38477857672352530062e+06	 5.71399952729034423828e+06	-2.40327982948100566864e+06	-1.00408766719222068787e+05	-4.92378267823934555054e+06	-1.98960206908173859119e+02	-1.63958384284997009672e+02	-1.10422970630810596049e+02	-7.10034551118733361363e+01	-4.24971175421953201294e+05	-2.86551171693801879883e+05	-9.03490056235790252686e+04	 1.56544104467391967773e+05	
-1.16654484140342473984e+06	-1.97499912422567605972e+05	 5.71399952729034423828e+06	 2.60598151604535728693e+07	-1.19036358497801423073e+06	-3.06906947865313291550e+06	-8.02362472192215919495e+06	-6.63937776081307674758e+02	-5.51434347160087781958e+02	-3.82688719653677253518e+02	-2.71348793647732236423e+02	-3.60557355885601043701e+06	-3.26575144301009178162e+06	-2.50117732247787714005e+06	-2.02610610859483480453e+06	
-1.96142643867762759328e+05	-4.78724825400840491056e+04	-2.40327982948100566864e+06	-1.19036358497801423073e+06	 7.15981900285721174441e+05	-2.26460977447330951691e+04	 6.70311619946420192719e+05	 5.51290534098407079000e+01	 4.49393156390906369779e+01	 2.97001871300526545383e+01	 1.83161669381752290064e+01	 6.56262796944081783295e+04	 2.74409052703976631165e+04	-1.94340137437731027603e+04	-8.38707301378697156906e+04	
 1.52608332864679396152e+05	 2.15529027099749073386e+04	-1.00408766719222068787e+05	-3.06906947865313291550e+06	-2.26460977447330951691e+04	 5.87072899911531130783e+05	 4.90968112776219844818e+05	 6.75262048254007822834e+01	 5.48810117951543361414e+01	 3.74593603315261134412e+01	 2.64343147931303974474e+01	 4.60248700995504856110e+05	 4.11263695901453495026e+05	 3.14012081191971898079e+05	 2.59687788819074630737e+05	
 5.78366255118064582348e+05	 1.40772644978359341621e+05	-4.92378267823934555054e+06	-8.02362472192215919495e+06	 6.70311619946420192719e+05	 4.90968112776219844818e+05	 6.39983531249649077654e+06	 2.41701234842967096483e+02	 2.12909125478858186398e+02	 1.56697391495301417308e+02	 1.17829369593395313132e+02	 1.27502684155097603798e+06	 1.19023131299436092377e+06	 9.17820049037605524063e+05	 7.05919081114888191223e+05	
 2.27168366193495785410e+01	 3.73013560353138018399e+00	-1.98960206908173859119e+02	-6.63937776081307674758e+02	 5.51290534098407079000e+01	 6.75262048254007822834e+01	 2.41701234842967096483e+02	 4.80611532586068743167e-02	0.00000000000000000000e+00	 1.88116189292486524209e-12	 1.77013959046234958805e-12	 2.81962535669721546583e+02	0.00000000000000000000e+00	0.00000000000000000000e+00	0.00000000000000000000e+00	
 2.24058515303427157050e+01	 4.25943010755304385384e+00	-1.63958384284997009672e+02	-5.51434347160087781958e+02	 4.49393156390906369779e+01	 5.48810117951543361414e+01	 2.12909125478858186398e+02	0.00000000000000000000e+00	 3.90814402169054261882e-02	0.00000000000000000000e+00	0.00000000000000000000e+00	 2.91038304567337036133e-09	 2.45758900937624275684e+02	0.00000000000000000000e+00	0.00000000000000000000e+00	
 1.77109526771541823109e+01	 3.73217880183040051634e+00	-1.10422970630810596049e+02	-3.82688719653677253518e+02	 2.97001871300526545383e+01	 3.74593603315261134412e+01	 1.56697391495301417308e+02	 1.88116189292486524209e-12	0.00000000000000000000e+00	 2.65501544418845943085e-02	0.00000000000000000000e+00	 2.77941580861806869507e-09	 2.79396772384643554688e-09	 1.79476482919999398291e+02	0.00000000000000000000e+00	
 1.42484425498864766269e+01	 3.28328797591393595212e+00	-7.10034551118733361363e+01	-2.71348793647732236423e+02	 1.83161669381752290064e+01	 2.64343147931303974474e+01	 1.17829369593395313132e+02	 1.77013959046234958805e-12	0.00000000000000000000e+00	0.00000000000000000000e+00	 1.84751817969960631383e-02	 2.61934474110603332520e-09	 2.64844857156276702881e-09	-2.66300048679113388062e-09	 1.35462845912421471439e+02	
 2.02343597372550517321e+05	 4.01991688331915065646e+04	-4.24971175421953201294e+05	-3.60557355885601043701e+06	 6.56262796944081783295e+04	 4.60248700995504856110e+05	 1.27502684155097603798e+06	 2.81962535669721546583e+02	 2.91038304567337036133e-09	 2.77941580861806869507e-09	 2.61934474110603332520e-09	 1.79590941356208617799e+06	-4.45544719696044921875e-06	0.00000000000000000000e+00	 4.54485416412353515625e-06	
 2.02029236708268523216e+05	 4.38908043064242228866e+04	-2.86551171693801879883e+05	-3.26575144301009178162e+06	 2.74409052703976631165e+04	 4.11263695901453495026e+05	 1.19023131299436092377e+06	0.00000000000000000000e+00	 2.45758900937624275684e+02	 2.79396772384643554688e-09	 2.64844857156276702881e-09	-4.45544719696044921875e-06	 1.68679857692134403624e+06	0.00000000000000000000e+00	0.00000000000000000000e+00	
 1.68424770836919546127e+05	 3.90114308006279170513e+04	-9.03490056235790252686e+04	-2.50117732247787714005e+06	-1.94340137437731027603e+04	 3.14012081191971898079e+05	 9.17820049037605524063e+05	0.00000000000000000000e+00	0.00000000000000000000e+00	 1.79476482919999398291e+02	-2.66300048679113388062e-09	0.00000000000000000000e+00	0.00000000000000000000e+00	 1.34299727811064198613e+06	0.00000000000000000000e+00	
 1.51445477005803957582e+05	 3.70688179668774828315e+04	 1.56544104467391967773e+05	-2.02610610859483480453e+06	-8.38707301378697156906e+04	 2.59687788819074630737e+05	 7.05919081114888191223e+05	0.00000000000000000000e+00	0.00000000000000000000e+00	0.00000000000000000000e+00	 1.35462845912421471439e+02	 4.54485416412353515625e-06	0.00000000000000000000e+00	0.00000000000000000000e+00	 1.14231404227703413926e+06	
