#           w0_fld,           wa_fld,          Omega_b,                h,              n_s,           sigma8,     Omega_m_camb,          P_shot0,          P_shot1,          P_shot2,          P_shot3,      lnbsigma8_0,      lnbsigma8_1,      lnbsigma8_2,      lnbsigma8_3
 7.68457971698448236566e+04	 1.81089749090195546160e+04	 1.88077267553527708515e+04	-8.84506303789274767041e+05	-3.64492899676521774381e+04	 9.43462014191329071764e+04	 3.13727305618007609155e+05	 1.23426182409021656383e+01	 1.23916140443518294489e+01	 1.03478007275634258377e+01	 9.31327494943991140985e+00	 1.43451543835699209012e+05	 1.46929341684889805038e+05	 1.28842163973356320639e+05	 1.27597562619650721899e+05	
 1.81089749090195546160e+04	 4.82874971973956508009e+03	 8.11464443988671337138e+03	-1.66807355644964001840e+05	-9.14928616215341025963e+03	 1.23703528740594010742e+04	 8.08274320742933487054e+04	 2.29420369615615760139e+00	 2.55874857064858751698e+00	 2.30631914894146383688e+00	 2.22006783587378198064e+00	 2.96746685819683334557e+04	 3.29358640375462200609e+04	 3.05564045669163751882e+04	 3.17198787630352708220e+04	
 1.88077267553527708515e+04	 8.11464443988671337138e+03	 5.39531750021446961910e+06	 1.72825497002973291092e+06	-1.12949612651484645903e+06	-1.11141961022255025455e+05	-2.43706523164351517335e+06	-9.87508938258110759989e+01	-8.72398282081906444319e+01	-6.45501075029591646626e+01	-4.83860727058785187182e+01	-3.24777570089895976707e+05	-2.58964991538806993049e+05	-1.38854331920670490945e+05	 2.78280461018953246821e+04	
-8.84506303789274767041e+05	-1.66807355644964001840e+05	 1.72825497002973291092e+06	 1.85339543352202996612e+07	-4.46390926684463396668e+05	-2.14259717320562805980e+06	-5.59369309370500594378e+06	-3.17383034144536281929e+02	-2.83226338956281892933e+02	-2.15679955287371285522e+02	-1.76398083531246811617e+02	-2.41591080299716070294e+06	-2.32255193900650274009e+06	-1.92583883024294208735e+06	-1.77018601736204535700e+06	
-3.64492899676521774381e+04	-9.14928616215341025963e+03	-1.12949612651484645903e+06	-4.46390926684463396668e+05	 3.32702663918972888496e+05	 2.07541445851299249625e+03	 5.81137978430767543614e+05	 2.77409669625819219618e+01	 2.43568531996468209400e+01	 1.77911240816839324452e+01	 1.29141425694476943420e+01	 6.20361945149447565200e+04	 4.25415124979030515533e+04	 1.13815969576557399705e+04	-3.66107858632588468026e+04	
 9.43462014191329071764e+04	 1.23703528740594010742e+04	-1.11141961022255025455e+05	-2.14259717320562805980e+06	 2.07541445851299249625e+03	 3.27770834523531724699e+05	 4.06787343598203966394e+05	 3.01781532003375616569e+01	 2.64318199878718260720e+01	 1.98838446765940304317e+01	 1.63160325847428353541e+01	 2.43606534771733568050e+05	 2.31517065192536683753e+05	 1.91786194984461501008e+05	 1.80656626292457396630e+05	
 3.13727305618007609155e+05	 8.08274320742933487054e+04	-2.43706523164351517335e+06	-5.59369309370500594378e+06	 5.81137978430767543614e+05	 4.06787343598203966394e+05	 3.28998832848962396383e+06	 1.25768832267767038502e+02	 1.18113538898169679214e+02	 9.43374786663456745828e+01	 8.06718639121436495998e+01	 8.83143051479180809110e+05	 8.83050194476332515478e+05	 7.44975320583676802926e+05	 6.66017326693842187524e+05	
 1.23426182409021656383e+01	 2.29420369615615760139e+00	-9.87508938258110759989e+01	-3.17383034144536281929e+02	 2.77409669625819219618e+01	 3.01781532003375616569e+01	 1.25768832267767038502e+02	 2.40819750301547418070e-02	0.00000000000000000000e+00	0.00000000000000000000e+00	0.00000000000000000000e+00	 1.42883616120876979494e+02	0.00000000000000000000e+00	0.00000000000000000000e+00	0.00000000000000000000e+00	
 1.23916140443518294489e+01	 2.55874857064858751698e+00	-8.72398282081906444319e+01	-2.83226338956281892933e+02	 2.43568531996468209400e+01	 2.64318199878718260720e+01	 1.18113538898169679214e+02	0.00000000000000000000e+00	 2.10266145300284923447e-02	0.00000000000000000000e+00	0.00000000000000000000e+00	0.00000000000000000000e+00	 1.32368907514538705072e+02	0.00000000000000000000e+00	0.00000000000000000000e+00	
 1.03478007275634258377e+01	 2.30631914894146383688e+00	-6.45501075029591646626e+01	-2.15679955287371285522e+02	 1.77911240816839324452e+01	 1.98838446765940304317e+01	 9.43374786663456745828e+01	0.00000000000000000000e+00	0.00000000000000000000e+00	 1.56736385216501364348e-02	 3.91964496341927481904e-19	0.00000000000000000000e+00	0.00000000000000000000e+00	 1.04870419339717585672e+02	0.00000000000000000000e+00	
 9.31327494943991140985e+00	 2.22006783587378198064e+00	-4.83860727058785187182e+01	-1.76398083531246811617e+02	 1.29141425694476943420e+01	 1.63160325847428353541e+01	 8.06718639121436495998e+01	0.00000000000000000000e+00	0.00000000000000000000e+00	 3.91964496341927481904e-19	 1.25783288095635201187e-02	0.00000000000000000000e+00	0.00000000000000000000e+00	0.00000000000000000000e+00	 9.00773004213587853428e+01	
 1.43451543835699209012e+05	 2.96746685819683334557e+04	-3.24777570089895976707e+05	-2.41591080299716070294e+06	 6.20361945149447565200e+04	 2.43606534771733568050e+05	 8.83143051479180809110e+05	 1.42883616120876979494e+02	0.00000000000000000000e+00	0.00000000000000000000e+00	0.00000000000000000000e+00	 1.26624444517238903791e+06	0.00000000000000000000e+00	0.00000000000000000000e+00	0.00000000000000000000e+00	
 1.46929341684889805038e+05	 3.29358640375462200609e+04	-2.58964991538806993049e+05	-2.32255193900650274009e+06	 4.25415124979030515533e+04	 2.31517065192536683753e+05	 8.83050194476332515478e+05	0.00000000000000000000e+00	 1.32368907514538705072e+02	0.00000000000000000000e+00	0.00000000000000000000e+00	0.00000000000000000000e+00	 1.25115362505036033690e+06	0.00000000000000000000e+00	0.00000000000000000000e+00	
 1.28842163973356320639e+05	 3.05564045669163751882e+04	-1.38854331920670490945e+05	-1.92583883024294208735e+06	 1.13815969576557399705e+04	 1.91786194984461501008e+05	 7.44975320583676802926e+05	0.00000000000000000000e+00	0.00000000000000000000e+00	 1.04870419339717585672e+02	0.00000000000000000000e+00	0.00000000000000000000e+00	0.00000000000000000000e+00	 1.06863763157298834994e+06	0.00000000000000000000e+00	
 1.27597562619650721899e+05	 3.17198787630352708220e+04	 2.78280461018953246821e+04	-1.77018601736204535700e+06	-3.66107858632588468026e+04	 1.80656626292457396630e+05	 6.66017326693842187524e+05	0.00000000000000000000e+00	0.00000000000000000000e+00	0.00000000000000000000e+00	 9.00773004213587853428e+01	0.00000000000000000000e+00	0.00000000000000000000e+00	0.00000000000000000000e+00	 1.02034093144594912883e+06	
