#           wa_fld,           w0_fld,          Omega_b,                h,              n_s,           sigma8,     Omega_m_camb,           bias_1,           bias_2,           bias_3,           bias_4,           bias_5,           bias_6,           bias_7,           bias_8,           bias_9,          bias_10,              aIA,            etaIA
 1.31087742442927614320e+05	 6.14506000526592019014e+05	-1.34317353518813475966e+06	 3.17641126472392177675e+05	 3.18721594895828049630e+05	 2.91994987335222400725e+06	 5.27524786460248287767e+05	 1.64827217083351803012e+05	 1.70262914121432171669e+05	 1.50068924394579080399e+05	 1.48874253041944466531e+05	 1.39358214193326508394e+05	 1.37940224565035721753e+05	 1.16810236223183310358e+05	 1.25998056758909282507e+05	 1.10179454447002208326e+05	 7.09875656793783418834e+04	 3.97957598360618135303e+02	 5.83300364844947580423e+02	
 6.14506000526592019014e+05	 2.97705868600548943505e+06	-6.46710344902581162751e+06	 1.55212066029485454783e+06	 1.70849707064862456173e+06	 1.42676712985187005252e+07	 2.17151514404783817008e+06	 1.18913765253910608590e+06	 9.99852475727395503782e+05	 7.96465681718555046245e+05	 7.38391923911268473603e+05	 6.54121709181341342628e+05	 6.17399581433323561214e+05	 5.01506641906835022382e+05	 5.19628199019532999955e+05	 4.34713540156372298952e+05	 2.65890503165852511302e+05	 1.12943834708230474462e+03	 1.53648365298321277805e+03	
-1.34317353518813475966e+06	-6.46710344902581162751e+06	 2.07712959334916695952e+07	-5.05605586525113694370e+06	-6.23007994866422750056e+06	-3.69536748351748585701e+07	-1.31498383799780085683e+07	-2.58143156982561154291e+06	-2.10327043662963435054e+06	-1.66931570680162776262e+06	-1.56549033637849288061e+06	-1.42194720169811393134e+06	-1.38245265380161697976e+06	-1.15877927732143597677e+06	-1.23678275441054347903e+06	-1.05266049873229814693e+06	-6.06588337221881025471e+05	 2.68538695904805706505e+02	-2.98971223619138015692e+02	
 3.17641126472392177675e+05	 1.55212066029485454783e+06	-5.05605586525113694370e+06	 1.27008233632272598334e+06	 1.68426251824306976050e+06	 9.07198761975937336683e+06	 3.32388073372588213533e+06	 7.60374229421652620658e+05	 5.46148452354253269732e+05	 4.07642464223982649855e+05	 3.67881242134658154100e+05	 3.26002928555299877189e+05	 3.12075133395108161494e+05	 2.59293793021232355386e+05	 2.75314773119476507418e+05	 2.33198814406482386403e+05	 1.32577188711970200529e+05	-1.51991454954288144563e+02	-1.04451135620238346746e+01	
 3.18721594895828049630e+05	 1.70849707064862456173e+06	-6.23007994866422750056e+06	 1.68426251824306976050e+06	 2.78992835359283769503e+06	 1.10150224119725618511e+07	 4.40321063112718146294e+06	 1.56076529899457353167e+06	 8.91436361908297170885e+05	 5.51736580118738114834e+05	 4.16253775581016787328e+05	 3.08040487844364077318e+05	 2.45531834145705623087e+05	 1.70042476731179980561e+05	 1.47661490356593858451e+05	 9.47487833279661426786e+04	 2.88839708566021436127e+04	-8.56513009621219907785e+02	-8.69630443481108613923e+02	
 2.91994987335222400725e+06	 1.42676712985187005252e+07	-3.69536748351748585701e+07	 9.07198761975937336683e+06	 1.10150224119725618511e+07	 8.14218597033685594797e+07	 2.42155564251795560122e+07	 6.12615299031480588019e+06	 5.20679783468429557979e+06	 4.08451736949643678963e+06	 3.72543144079237431288e+06	 3.25842077020432287827e+06	 3.03416946764810755849e+06	 2.43483926569990999997e+06	 2.49298068488675076514e+06	 2.05805352783109131269e+06	 1.23662669615941774100e+06	 4.09849162326714917981e+02	 1.88326839520113821891e+03	
 5.27524786460248287767e+05	 2.17151514404783817008e+06	-1.31498383799780085683e+07	 3.32388073372588213533e+06	 4.40321063112718146294e+06	 2.42155564251795560122e+07	 2.02035582475351057947e+07	-8.34208500222236150876e+05	 4.01868882161600922700e+05	 6.07389738503369968385e+05	 7.09484920165290124714e+05	 7.43210149037481751293e+05	 7.89924748112828005105e+05	 7.05482887256967835128e+05	 7.93331527722885482945e+05	 7.12256465105553856120e+05	 4.44168545100513845682e+05	 1.72053891120164917083e+04	 3.01641996865357177739e+04	
 1.64827217083351803012e+05	 1.18913765253910608590e+06	-2.58143156982561154291e+06	 7.60374229421652620658e+05	 1.56076529899457353167e+06	 6.12615299031480588019e+06	-8.34208500222236150876e+05	 3.68037826251625595614e+06	 3.70601455913817859255e+05	 7.62507977060647226608e+03	 3.04870543867868946109e+03	 5.47453435517347998029e+02	 1.55264407394910335825e+02	 6.86790274115779340036e+01	 3.22541770482163343559e+01	 3.07864174779196986265e+00	 4.88629494735367586600e+00	 8.73735436121719715175e+01	 5.01499671772639885603e+01	
 1.70262914121432171669e+05	 9.99852475727395503782e+05	-2.10327043662963435054e+06	 5.46148452354253269732e+05	 8.91436361908297170885e+05	 5.20679783468429557979e+06	 4.01868882161600922700e+05	 3.70601455913817859255e+05	 1.92743351852614292875e+06	 3.60159974132067058235e+05	 9.47568492968558166467e+03	 2.39703716578871990350e+03	 3.88224055759176280844e+02	 3.04090195063774615392e+01	 1.26580702272555249976e+01	 1.75274051110694273348e+00	 1.76250098318511305706e+00	-3.06232930738598447817e+01	-3.10838265310543988562e+01	
 1.50068924394579080399e+05	 7.96465681718555046245e+05	-1.66931570680162776262e+06	 4.07642464223982649855e+05	 5.51736580118738114834e+05	 4.08451736949643678963e+06	 6.07389738503369968385e+05	 7.62507977060647226608e+03	 3.60159974132067058235e+05	 1.17128823621470271610e+06	 3.45331752251096768305e+05	 8.96337864369336602977e+03	 2.04703403610076702535e+03	 2.92125982057339399489e+02	 2.99542692950755018444e+01	 6.14011686805790191102e+00	 6.76923649159821394505e-01	 2.25407765451375539101e+01	 2.18379280526726802236e+01	
 1.48874253041944466531e+05	 7.38391923911268473603e+05	-1.56549033637849288061e+06	 3.67881242134658154100e+05	 4.16253775581016787328e+05	 3.72543144079237431288e+06	 7.09484920165290124714e+05	 3.04870543867868946109e+03	 9.47568492968558166467e+03	 3.45331752251096768305e+05	 9.58183132367211510427e+05	 3.05560942219949560240e+05	 1.08133260096373742272e+04	 1.81268867076976493991e+03	 2.45299494659721148082e+02	 1.77954433003785048584e+01	 4.93445134917203986902e+00	 7.73107319393911218697e+00	 6.86914471291146355725e+00	
 1.39358214193326508394e+05	 6.54121709181341342628e+05	-1.42194720169811393134e+06	 3.26002928555299877189e+05	 3.08040487844364077318e+05	 3.25842077020432287827e+06	 7.43210149037481751293e+05	 5.47453435517347998029e+02	 2.39703716578871990350e+03	 8.96337864369336602977e+03	 3.05560942219949560240e+05	 7.71896359891529311426e+05	 2.71162652517351845745e+05	 8.52802432325137488078e+03	 1.67972597961094652419e+03	 1.32686014013924847177e+02	 1.08157994222914908278e+01	-7.05442344895488115952e+00	-2.19904315610176581686e+00	
 1.37940224565035721753e+05	 6.17399581433323561214e+05	-1.38245265380161697976e+06	 3.12075133395108161494e+05	 2.45531834145705623087e+05	 3.03416946764810755849e+06	 7.89924748112828005105e+05	 1.55264407394910335825e+02	 3.88224055759176280844e+02	 2.04703403610076702535e+03	 1.08133260096373742272e+04	 2.71162652517351845745e+05	 7.09307273049761308357e+05	 2.33867394788768462604e+05	 1.18415546886203082977e+04	 1.03369289982066129596e+03	 7.34439490303433615281e+01	 3.83731393108530625113e+01	 4.06094575527995687025e+01	
 1.16810236223183310358e+05	 5.01506641906835022382e+05	-1.15877927732143597677e+06	 2.59293793021232355386e+05	 1.70042476731179980561e+05	 2.43483926569990999997e+06	 7.05482887256967835128e+05	 6.86790274115779340036e+01	 3.04090195063774615392e+01	 2.92125982057339399489e+02	 1.81268867076976493991e+03	 8.52802432325137488078e+03	 2.33867394788768462604e+05	 5.26555618638971704058e+05	 1.99023220921727159293e+05	 4.93142039904419289087e+03	 3.79220475515675389033e+02	 4.03887347618359484613e+01	 4.80099927298663828878e+01	
 1.25998056758909282507e+05	 5.19628199019532999955e+05	-1.23678275441054347903e+06	 2.75314773119476507418e+05	 1.47661490356593858451e+05	 2.49298068488675076514e+06	 7.93331527722885482945e+05	 3.22541770482163343559e+01	 1.26580702272555249976e+01	 2.99542692950755018444e+01	 2.45299494659721148082e+02	 1.67972597961094652419e+03	 1.18415546886203082977e+04	 1.99023220921727159293e+05	 6.18615835966152721085e+05	 1.51730586190170899499e+05	 2.76184586923667666269e+03	 5.78676329498159560671e+01	 8.64212349961751158389e+01	
 1.10179454447002208326e+05	 4.34713540156372298952e+05	-1.05266049873229814693e+06	 2.33198814406482386403e+05	 9.47487833279661426786e+04	 2.05805352783109131269e+06	 7.12256465105553856120e+05	 3.07864174779196986265e+00	 1.75274051110694273348e+00	 6.14011686805790191102e+00	 1.77954433003785048584e+01	 1.32686014013924847177e+02	 1.03369289982066129596e+03	 4.93142039904419289087e+03	 1.51730586190170899499e+05	 5.75398833326961612329e+05	 7.55666034438749775290e+04	-4.18219759612133543669e+01	-8.47423426695872592518e+01	
 7.09875656793783418834e+04	 2.65890503165852511302e+05	-6.06588337221881025471e+05	 1.32577188711970200529e+05	 2.88839708566021436127e+04	 1.23662669615941774100e+06	 4.44168545100513845682e+05	 4.88629494735367586600e+00	 1.76250098318511305706e+00	 6.76923649159821394505e-01	 4.93445134917203986902e+00	 1.08157994222914908278e+01	 7.34439490303433615281e+01	 3.79220475515675389033e+02	 2.76184586923667666269e+03	 7.55666034438749775290e+04	 3.99634049418824433815e+05	-2.51428430937272594292e+02	-4.39695459372174127566e+02	
 3.97957598360618135303e+02	 1.12943834708230474462e+03	 2.68538695904805706505e+02	-1.51991454954288144563e+02	-8.56513009621219907785e+02	 4.09849162326714917981e+02	 1.72053891120164917083e+04	 8.73735436121719715175e+01	-3.06232930738598447817e+01	 2.25407765451375539101e+01	 7.73107319393911218697e+00	-7.05442344895488115952e+00	 3.83731393108530625113e+01	 4.03887347618359484613e+01	 5.78676329498159560671e+01	-4.18219759612133543669e+01	-2.51428430937272594292e+02	 3.51908769164482873748e+03	 5.62730500923222825804e+03	
 5.83300364844947580423e+02	 1.53648365298321277805e+03	-2.98971223619138015692e+02	-1.04451135620238346746e+01	-8.69630443481108613923e+02	 1.88326839520113821891e+03	 3.01641996865357177739e+04	 5.01499671772639885603e+01	-3.10838265310543988562e+01	 2.18379280526726802236e+01	 6.86914471291146355725e+00	-2.19904315610176581686e+00	 4.06094575527995687025e+01	 4.80099927298663828878e+01	 8.64212349961751158389e+01	-8.47423426695872592518e+01	-4.39695459372174127566e+02	 5.62730500923222825804e+03	 9.18995367695098684635e+03	
