#           wa_fld,           w0_fld,          Omega_b,                h,              n_s,           sigma8,     Omega_m_camb,           bias_1,           bias_2,           bias_3,           bias_4,           bias_5,           bias_6,           bias_7,           bias_8,           bias_9,          bias_10,              aIA,            etaIA
 1.31126756019134540111e+05	 6.14718814323492115363e+05	-1.34317745525034214370e+06	 3.18079291706654301379e+05	 3.18879524838479701430e+05	 2.92033622637126781046e+06	 5.27172471834342693910e+05	 1.64783805996839364525e+05	 1.70241015633042406989e+05	 1.50077328035949496552e+05	 1.48907483072577539133e+05	 1.39399997798500698991e+05	 1.37969963048975419952e+05	 1.16821001177612633910e+05	 1.26002518822465281119e+05	 1.10185460096447757678e+05	 7.10016601282104093116e+04	 3.97985324727646229803e+02	 5.83385477213918193229e+02	
 6.14718814323492115363e+05	 2.97761055843297578394e+06	-6.46572733629210107028e+06	 1.55370978960414207540e+06	 1.70758125642232713290e+06	 1.42669653331569582224e+07	 2.17253966306802630424e+06	 1.18896627364112948999e+06	 9.99967045135562540963e+05	 7.96524804814974078909e+05	 7.38414094154566759244e+05	 6.54193637362477136776e+05	 6.17425495454700430855e+05	 5.01509354193858511280e+05	 5.19680503326340753119e+05	 4.34720972078917606268e+05	 2.65894541650041472167e+05	 1.13109962981465059784e+03	 1.53807595533338417226e+03	
-1.34317745525034214370e+06	-6.46572733629210107028e+06	 2.08011461372451521456e+07	-5.06176617979595810175e+06	-6.23436442014115117490e+06	-3.69782045575452297926e+07	-1.31549235865873675793e+07	-2.58156110213922988623e+06	-2.10348687033524364233e+06	-1.67064975920749781653e+06	-1.56785018430362874642e+06	-1.42374654071009950712e+06	-1.38368463016857136972e+06	-1.15973511953054182231e+06	-1.23785061601659050211e+06	-1.05336179185994178988e+06	-6.06904289109117584303e+05	 2.67720787556175025657e+02	-3.01247643836464931155e+02	
 3.18079291706654301379e+05	 1.55370978960414207540e+06	-5.06176617979595810175e+06	 1.27194355879057105631e+06	 1.68688824672204465605e+06	 9.08103036559152975678e+06	 3.32737918199532106519e+06	 7.60480458583623636514e+05	 5.46441437390519771725e+05	 4.07893498611338553019e+05	 3.68188148853273130953e+05	 3.26398360105196363293e+05	 3.12512587239217013121e+05	 2.59684903937038558070e+05	 2.75777734938172157854e+05	 2.33571444423872657353e+05	 1.32689289318121154793e+05	-1.51790883610495086486e+02	-9.88283544849971917756e+00	
 3.18879524838479701430e+05	 1.70758125642232713290e+06	-6.23436442014115117490e+06	 1.68688824672204465605e+06	 2.79427780576671380550e+06	 1.10076967281590774655e+07	 4.40498610724555328488e+06	 1.56258887576790037565e+06	 8.93726631490941392258e+05	 5.52060164821252459660e+05	 4.16080451585422153585e+05	 3.08352316476834123023e+05	 2.45667647867908875924e+05	 1.69643565335878025508e+05	 1.47073099450599693228e+05	 9.45589312688634963706e+04	 2.88594357745652596350e+04	-8.56955564806329675775e+02	-8.70026359209847896636e+02	
 2.92033622637126781046e+06	 1.42669653331569582224e+07	-3.69782045575452297926e+07	 9.08103036559152975678e+06	 1.10076967281590774655e+07	 8.14045858124731183052e+07	 2.42190580484960936010e+07	 6.12558948095234017819e+06	 5.20509623499451950192e+06	 4.08424608878562971950e+06	 3.72479574969684146345e+06	 3.25703116917879600078e+06	 3.03305334925111755729e+06	 2.43480769804894085974e+06	 2.49359546899693738669e+06	 2.05822597901422530413e+06	 1.23662348001726716757e+06	 4.10133093416605447601e+02	 1.88609251113976620218e+03	
 5.27172471834342693910e+05	 2.17253966306802630424e+06	-1.31549235865873675793e+07	 3.32737918199532106519e+06	 4.40498610724555328488e+06	 2.42190580484960936010e+07	 2.01959022762968540192e+07	-8.30839975431259488687e+05	 4.01650982796088326722e+05	 6.06047683887108578347e+05	 7.07798078914067009464e+05	 7.40950900102622341365e+05	 7.88355694941976224072e+05	 7.05183746236630249768e+05	 7.93549816033979877830e+05	 7.12568691430602455512e+05	 4.44254702847503533121e+05	 1.72078704296663854620e+04	 3.01816104682925506495e+04	
 1.64783805996839364525e+05	 1.18896627364112948999e+06	-2.58156110213922988623e+06	 7.60480458583623636514e+05	 1.56258887576790037565e+06	 6.12558948095234017819e+06	-8.30839975431259488687e+05	 3.68002740388170629740e+06	 3.70576201504021126311e+05	 7.62526871971335458511e+03	 3.04812833556622081232e+03	 5.47400826583169987316e+02	 1.55313000209459971757e+02	 6.85635264323139494991e+01	 3.22316225487978442743e+01	 2.97355069971732177692e+00	 5.02648734527349461132e+00	 8.73516688374973853115e+01	 5.01572293550300400966e+01	
 1.70241015633042406989e+05	 9.99967045135562540963e+05	-2.10348687033524364233e+06	 5.46441437390519771725e+05	 8.93726631490941392258e+05	 5.20509623499451950192e+06	 4.01650982796088326722e+05	 3.70576201504021126311e+05	 1.92728524515892378986e+06	 3.60146395281793782488e+05	 9.47565911527929711156e+03	 2.39698499567494991425e+03	 3.88168306871002528169e+02	 3.04716481116210040625e+01	 1.26964591657346517195e+01	 1.74232853383013264192e+00	 1.78430201329614135375e+00	-3.06334229130200981217e+01	-3.10729835695345855129e+01	
 1.50077328035949496552e+05	 7.96524804814974078909e+05	-1.67064975920749781653e+06	 4.07893498611338553019e+05	 5.52060164821252459660e+05	 4.08424608878562971950e+06	 6.06047683887108578347e+05	 7.62526871971335458511e+03	 3.60146395281793782488e+05	 1.17120977556204539724e+06	 3.45317067167187691666e+05	 8.96349450849523782381e+03	 2.04686812227174868895e+03	 2.91944513231541066034e+02	 2.99732801839053593085e+01	 6.11956288496268996369e+00	 8.21654492343370179697e-01	 2.25145868935212760675e+01	 2.18186172658349732956e+01	
 1.48907483072577539133e+05	 7.38414094154566759244e+05	-1.56785018430362874642e+06	 3.68188148853273130953e+05	 4.16080451585422153585e+05	 3.72479574969684146345e+06	 7.07798078914067009464e+05	 3.04812833556622081232e+03	 9.47565911527929711156e+03	 3.45317067167187691666e+05	 9.58128328215019428171e+05	 3.05548989470893633552e+05	 1.08132234540054796526e+04	 1.81259970124268738800e+03	 2.45330258418060736858e+02	 1.78081166710501008765e+01	 4.93291381694125163904e+00	 7.69253095901557681913e+00	 6.82796388216740979260e+00	
 1.39399997798500698991e+05	 6.54193637362477136776e+05	-1.42374654071009950712e+06	 3.26398360105196363293e+05	 3.08352316476834123023e+05	 3.25703116917879600078e+06	 7.40950900102622341365e+05	 5.47400826583169987316e+02	 2.39698499567494991425e+03	 8.96349450849523782381e+03	 3.05548989470893633552e+05	 7.71858003981472691521e+05	 2.71152548126698355190e+05	 8.52805133897783161956e+03	 1.67957149907915754738e+03	 1.32696544068134073768e+02	 1.07935357444912796154e+01	-7.07229476827705560993e+00	-2.22814694859209794231e+00	
 1.37969963048975419952e+05	 6.17425495454700430855e+05	-1.38368463016857136972e+06	 3.12512587239217013121e+05	 2.45667647867908875924e+05	 3.03305334925111755729e+06	 7.88355694941976224072e+05	 1.55313000209459971757e+02	 3.88168306871002528169e+02	 2.04686812227174868895e+03	 1.08132234540054796526e+04	 2.71152548126698355190e+05	 7.09273195573501405306e+05	 2.33858283304557582596e+05	 1.18414431395983010589e+04	 1.03360593910494912961e+03	 7.35106456654839917064e+01	 3.83568253548643198769e+01	 4.05756500662886310238e+01	
 1.16821001177612633910e+05	 5.01509354193858511280e+05	-1.15973511953054182231e+06	 2.59684903937038558070e+05	 1.69643565335878025508e+05	 2.43480769804894085974e+06	 7.05183746236630249768e+05	 6.85635264323139494991e+01	 3.04716481116210040625e+01	 2.91944513231541066034e+02	 1.81259970124268738800e+03	 8.52805133897783161956e+03	 2.33858283304557582596e+05	 5.26530444719449849799e+05	 1.99015413293016405078e+05	 4.93139145732225097163e+03	 3.79216314170825739893e+02	 4.03744587768637899217e+01	 4.79604600770513798125e+01	
 1.26002518822465281119e+05	 5.19680503326340753119e+05	-1.23785061601659050211e+06	 2.75777734938172157854e+05	 1.47073099450599693228e+05	 2.49359546899693738669e+06	 7.93549816033979877830e+05	 3.22316225487978442743e+01	 1.26964591657346517195e+01	 2.99732801839053593085e+01	 2.45330258418060736858e+02	 1.67957149907915754738e+03	 1.18414431395983010589e+04	 1.99015413293016405078e+05	 6.18587811832748004235e+05	 1.51724795626263250597e+05	 2.76183398728389875032e+03	 5.78558220394711142376e+01	 8.63124819325711314377e+01	
 1.10185460096447757678e+05	 4.34720972078917606268e+05	-1.05336179185994178988e+06	 2.33571444423872657353e+05	 9.45589312688634963706e+04	 2.05822597901422530413e+06	 7.12568691430602455512e+05	 2.97355069971732177692e+00	 1.74232853383013264192e+00	 6.11956288496268996369e+00	 1.78081166710501008765e+01	 1.32696544068134073768e+02	 1.03360593910494912961e+03	 4.93139145732225097163e+03	 1.51724795626263250597e+05	 5.75372691828325856477e+05	 7.55635599831560248276e+04	-4.18758006296572560245e+01	-8.51330313543098213813e+01	
 7.10016601282104093116e+04	 2.65894541650041472167e+05	-6.06904289109117584303e+05	 1.32689289318121154793e+05	 2.88594357745652596350e+04	 1.23662348001726716757e+06	 4.44254702847503533121e+05	 5.02648734527349461132e+00	 1.78430201329614135375e+00	 8.21654492343370179697e-01	 4.93291381694125163904e+00	 1.07935357444912796154e+01	 7.35106456654839917064e+01	 3.79216314170825739893e+02	 2.76183398728389875032e+03	 7.55635599831560248276e+04	 3.99617140278368256986e+05	-2.51540719600393913424e+02	-4.40477541503017732794e+02	
 3.97985324727646229803e+02	 1.13109962981465059784e+03	 2.67720787556175025657e+02	-1.51790883610495086486e+02	-8.56955564806329675775e+02	 4.10133093416605447601e+02	 1.72078704296663854620e+04	 8.73516688374973853115e+01	-3.06334229130200981217e+01	 2.25145868935212760675e+01	 7.69253095901557681913e+00	-7.07229476827705560993e+00	 3.83568253548643198769e+01	 4.03744587768637899217e+01	 5.78558220394711142376e+01	-4.18758006296572560245e+01	-2.51540719600393913424e+02	 3.51931797979288012357e+03	 5.62976689106003232155e+03	
 5.83385477213918193229e+02	 1.53807595533338417226e+03	-3.01247643836464931155e+02	-9.88283544849971917756e+00	-8.70026359209847896636e+02	 1.88609251113976620218e+03	 3.01816104682925506495e+04	 5.01572293550300400966e+01	-3.10729835695345855129e+01	 2.18186172658349732956e+01	 6.82796388216740979260e+00	-2.22814694859209794231e+00	 4.05756500662886310238e+01	 4.79604600770513798125e+01	 8.63124819325711314377e+01	-8.51330313543098213813e+01	-4.40477541503017732794e+02	 5.62976689106003232155e+03	 9.19238584517152594344e+03	
