#           wa_fld,           w0_fld,          Omega_b,                h,              n_s,           sigma8,     Omega_m_camb,           bias_1,           bias_2,           bias_3,           bias_4,           bias_5,           bias_6,           bias_7,           bias_8,           bias_9,          bias_10,              aIA,            etaIA
 1.31208052497121447232e+05	 6.17280511263394146226e+05	-1.34224147045878134668e+06	 3.17589710779601242393e+05	 3.18581064304816769436e+05	 2.91909121978630498052e+06	 5.16528973311820649542e+05	 1.61273169563393865246e+05	 1.74320144781981536653e+05	 1.56283262896427186206e+05	 1.47976920151641068514e+05	 1.36477669790192740038e+05	 1.29139825636461668182e+05	 1.27666953824618831277e+05	 1.19436661678091360955e+05	 1.11794665665203268873e+05	 7.13300167849287536228e+04	 4.04627444412715703947e+02	 5.90246719841811568585e+02	
 6.17280511263394146226e+05	 3.00163169718478340656e+06	-6.49326710020071640611e+06	 1.56037473896409780718e+06	 1.71321731233699619770e+06	 1.43233964816747792065e+07	 2.12131705806564353406e+06	 1.16096611081328708678e+06	 1.02434364743059664033e+06	 8.26468141035594511777e+05	 7.29430729983676457778e+05	 6.39282701217096066102e+05	 5.79975561412309063599e+05	 5.51104313488848507404e+05	 5.00985756152768153697e+05	 4.50684476534939138219e+05	 2.68155312363696401007e+05	 1.16143318160284661644e+03	 1.58129062480480411068e+03	
-1.34224147045878134668e+06	-6.49326710020071640611e+06	 2.07745034600687175989e+07	-5.05754640069868043065e+06	-6.23282950060588028282e+06	-3.69761410650186836720e+07	-1.30128304408677816391e+07	-2.53249499458405701444e+06	-2.15459044114721380174e+06	-1.73511042729587713256e+06	-1.55041423491752450354e+06	-1.38876871307225199416e+06	-1.29556666524343797937e+06	-1.26697631147340778261e+06	-1.17268088262420659885e+06	-1.07197680848681973293e+06	-6.09152420238657621667e+05	 3.37247889321119714623e+02	-1.02036233292701581377e+02	
 3.17589710779601242393e+05	 1.56037473896409780718e+06	-5.05754640069868043065e+06	 1.27036857624566671439e+06	 1.68399014309170376509e+06	 9.07601415978622063994e+06	 3.29068479489991907030e+06	 7.46584417819485068321e+05	 5.60468351975649362430e+05	 4.23381976555072818883e+05	 3.63883035153447592165e+05	 3.18457148097005905584e+05	 2.92728049347501888406e+05	 2.83302887697611586191e+05	 2.60664363888851949014e+05	 2.37488342410307901446e+05	 1.33191271773168205982e+05	-1.64811425283066995462e+02	-5.70253331883985197237e+01	
 3.18581064304816769436e+05	 1.71321731233699619770e+06	-6.23282950060588028282e+06	 1.68399014309170376509e+06	 2.78486908169414801523e+06	 1.10169559287273492664e+07	 4.38878966906165331602e+06	 1.53366145011642598547e+06	 9.16444244818523759022e+05	 5.69004811433046124876e+05	 4.07056446675945306197e+05	 2.99233137688863498624e+05	 2.31296888845897279680e+05	 1.86062708817696373444e+05	 1.39163488728240801720e+05	 9.67278908277346927207e+04	 2.87872851132265896013e+04	-8.38217959265350145870e+02	-8.86910276640895290257e+02	
 2.91909121978630498052e+06	 1.43233964816747792065e+07	-3.69761410650186836720e+07	 9.07601415978622063994e+06	 1.10169559287273492664e+07	 8.15929786578401625156e+07	 2.39696382965858317912e+07	 6.02083283161733858287e+06	 5.33692220334789156914e+06	 4.24506106790467351675e+06	 3.68700566059001255780e+06	 3.18604633820399036631e+06	 2.84623842859438946471e+06	 2.66589280603783763945e+06	 2.36753667778658308089e+06	 2.09304287924829870462e+06	 1.24217021315824240446e+06	 2.79935891545275467251e+02	 1.52122517519903658467e+03	
 5.16528973311820649542e+05	 2.12131705806564353406e+06	-1.30128304408677816391e+07	 3.29068479489991907030e+06	 4.38878966906165331602e+06	 2.39696382965858317912e+07	 2.01226001460963338614e+07	-8.14479459236772730947e+05	 3.92150568141279392876e+05	 6.39943000056664692238e+05	 7.16254830450879409909e+05	 7.27127662798505742103e+05	 7.28769476671559270471e+05	 7.53539802771953633055e+05	 7.12748854027671972290e+05	 6.85275753413603408262e+05	 4.43734149203488545027e+05	 1.66195652704229796655e+04	 2.86758998623251682147e+04	
 1.61273169563393865246e+05	 1.16096611081328708678e+06	-2.53249499458405701444e+06	 7.46584417819485068321e+05	 1.53366145011642598547e+06	 6.02083283161733858287e+06	-8.14479459236772730947e+05	 3.60055494458054425195e+06	 3.72726970413998817094e+05	 7.27548179971326862869e+03	 2.73392954968626463597e+03	 4.63397282721156329899e+02	 1.46866007500079376769e+02	 7.02017976001445589418e+01	 2.64824687324360894536e+01	 2.76393378928486299628e+00	 4.13511567803891466610e+00	 1.00767733809907198861e+02	 6.07942702276932323002e+01	
 1.74320144781981536653e+05	 1.02434364743059664033e+06	-2.15459044114721380174e+06	 5.60468351975649362430e+05	 9.16444244818523759022e+05	 5.33692220334789156914e+06	 3.92150568141279392876e+05	 3.72726970413998817094e+05	 1.99409821074329945259e+06	 3.63765248422743519768e+05	 8.33970655252735923568e+03	 2.32600209093813964500e+03	 3.69970244158968057491e+02	 3.64324259028991903619e+01	 1.11877452783071262843e+01	 1.67556399227608210367e+00	 1.45648217769745258465e+00	-9.91033586814781841667e+00	-1.14408252170460968955e+01	
 1.56283262896427186206e+05	 8.26468141035594511777e+05	-1.73511042729587713256e+06	 4.23381976555072818883e+05	 5.69004811433046124876e+05	 4.24506106790467351675e+06	 6.39943000056664692238e+05	 7.27548179971326862869e+03	 3.63765248422743519768e+05	 1.24049695994168426841e+06	 3.45078999267106992193e+05	 9.57144368101486907108e+03	 2.10734767954229300813e+03	 3.64847150658653731625e+02	 3.09093415361560950316e+01	 6.70316480755329280328e+00	 8.34618666539775233559e-01	 3.06379258872673965186e+00	 4.32149120711540035700e+00	
 1.47976920151641068514e+05	 7.29430729983676457778e+05	-1.55041423491752450354e+06	 3.63883035153447592165e+05	 4.07056446675945306197e+05	 3.68700566059001255780e+06	 7.16254830450879409909e+05	 2.73392954968626463597e+03	 8.33970655252735923568e+03	 3.45078999267106992193e+05	 9.41070329210562980734e+05	 3.03921222272142651491e+05	 1.17099746814204881957e+04	 2.11925881869873273899e+03	 2.35693961933014520582e+02	 2.02163588758352830155e+01	 4.78086436972446904292e+00	 1.93257360303687022451e+01	 1.50996493083754899089e+01	
 1.36477669790192740038e+05	 6.39282701217096066102e+05	-1.38876871307225199416e+06	 3.18457148097005905584e+05	 2.99233137688863498624e+05	 3.18604633820399036631e+06	 7.27127662798505742103e+05	 4.63397282721156329899e+02	 2.32600209093813964500e+03	 9.57144368101486907108e+03	 3.03921222272142651491e+05	 7.41174473290168214589e+05	 2.67135252311947173439e+05	 1.15518255774309509434e+04	 1.59050333042187730825e+03	 1.41826471730471780575e+02	 1.19438136317873144776e+01	 1.71001357160674487545e+01	 2.15808989040943970394e+01	
 1.29139825636461668182e+05	 5.79975561412309063599e+05	-1.29556666524343797937e+06	 2.92728049347501888406e+05	 2.31296888845897279680e+05	 2.84623842859438946471e+06	 7.28769476671559270471e+05	 1.46866007500079376769e+02	 3.69970244158968057491e+02	 2.10734767954229300813e+03	 1.17099746814204881957e+04	 2.67135252311947173439e+05	 6.35607312950018793344e+05	 2.35587131562961090822e+05	 8.32517918213024313445e+03	 9.72305314295818106984e+02	 6.30319046380778331695e+01	 3.23561393168134259213e+01	 3.40218929063940436208e+01	
 1.27666953824618831277e+05	 5.51104313488848507404e+05	-1.26697631147340778261e+06	 2.83302887697611586191e+05	 1.86062708817696373444e+05	 2.66589280603783763945e+06	 7.53539802771953633055e+05	 7.02017976001445589418e+01	 3.64324259028991903619e+01	 3.64847150658653731625e+02	 2.11925881869873273899e+03	 1.15518255774309509434e+04	 2.35587131562961090822e+05	 6.09929948255002265796e+05	 2.01255966940575890476e+05	 6.29599562165325551177e+03	 4.37877221276666773520e+02	 2.63620829644741689890e+01	 3.23977346194270694468e+01	
 1.19436661678091360955e+05	 5.00985756152768153697e+05	-1.17268088262420659885e+06	 2.60664363888851949014e+05	 1.39163488728240801720e+05	 2.36753667778658308089e+06	 7.12748854027671972290e+05	 2.64824687324360894536e+01	 1.11877452783071262843e+01	 3.09093415361560950316e+01	 2.35693961933014520582e+02	 1.59050333042187730825e+03	 8.32517918213024313445e+03	 2.01255966940575890476e+05	 5.71546373074589413591e+05	 1.50744023558462358778e+05	 2.59560220289740937005e+03	 1.83150217042162779535e+01	 3.44679532807757027513e+01	
 1.11794665665203268873e+05	 4.50684476534939138219e+05	-1.07197680848681973293e+06	 2.37488342410307901446e+05	 9.67278908277346927207e+04	 2.09304287924829870462e+06	 6.85275753413603408262e+05	 2.76393378928486299628e+00	 1.67556399227608210367e+00	 6.70316480755329280328e+00	 2.02163588758352830155e+01	 1.41826471730471780575e+02	 9.72305314295818106984e+02	 6.29599562165325551177e+03	 1.50744023558462358778e+05	 5.87323479832235840149e+05	 7.58865731385027611395e+04	-6.29701779243619768067e+01	-1.16746252713806313750e+02	
 7.13300167849287536228e+04	 2.68155312363696401007e+05	-6.09152420238657621667e+05	 1.33191271773168205982e+05	 2.87872851132265896013e+04	 1.24217021315824240446e+06	 4.43734149203488545027e+05	 4.13511567803891466610e+00	 1.45648217769745258465e+00	 8.34618666539775233559e-01	 4.78086436972446904292e+00	 1.19438136317873144776e+01	 6.30319046380778331695e+01	 4.37877221276666773520e+02	 2.59560220289740937005e+03	 7.58865731385027611395e+04	 4.01243356667253596243e+05	-1.80104813106850940585e+02	-3.14252858044511413027e+02	
 4.04627444412715703947e+02	 1.16143318160284661644e+03	 3.37247889321119714623e+02	-1.64811425283066995462e+02	-8.38217959265350145870e+02	 2.79935891545275467251e+02	 1.66195652704229796655e+04	 1.00767733809907198861e+02	-9.91033586814781841667e+00	 3.06379258872673965186e+00	 1.93257360303687022451e+01	 1.71001357160674487545e+01	 3.23561393168134259213e+01	 2.63620829644741689890e+01	 1.83150217042162779535e+01	-6.29701779243619768067e+01	-1.80104813106850940585e+02	 3.44682162689710321501e+03	 5.44927908702878630720e+03	
 5.90246719841811568585e+02	 1.58129062480480411068e+03	-1.02036233292701581377e+02	-5.70253331883985197237e+01	-8.86910276640895290257e+02	 1.52122517519903658467e+03	 2.86758998623251682147e+04	 6.07942702276932323002e+01	-1.14408252170460968955e+01	 4.32149120711540035700e+00	 1.50996493083754899089e+01	 2.15808989040943970394e+01	 3.40218929063940436208e+01	 3.23977346194270694468e+01	 3.44679532807757027513e+01	-1.16746252713806313750e+02	-3.14252858044511413027e+02	 5.44927908702878630720e+03	 8.78915509816871781368e+03	
