#           wa_fld,           w0_fld,          Omega_b,                h,              n_s,           sigma8,     Omega_m_camb,           bias_1,           bias_2,           bias_3,           bias_4,           bias_5,           bias_6,           bias_7,           bias_8,           bias_9,          bias_10,              aIA,            etaIA
 1.44719093373893883836e+04	 6.61472813458963355515e+04	 6.46071578138689437765e+03	-8.25906738499377388507e+03	-3.56512549777314634412e+04	 2.10568196979546744842e+05	-9.45854535389553784626e+04	 2.20879094284418824827e+04	 1.87332759822459192947e+04	 1.63316144974600938440e+04	 1.54800464465204167936e+04	 1.41083300990317584365e+04	 1.39731234505142147100e+04	 1.21200326861643952725e+04	 1.41766258665824316267e+04	 1.47507833267382702616e+04	 1.35249203242825078632e+04	 6.58680678557512777616e+01	 1.19752156574660631350e+02	
 6.61472813458963355515e+04	 3.17047583728127472568e+05	 7.40051266670591212460e+03	-3.35159787198901321972e+04	-1.59817566596072923858e+05	 1.00143615311028575525e+06	-5.42221796246387646534e+05	 1.65268957991033326834e+05	 1.09586840733696837560e+05	 8.43515455996382952435e+04	 7.41409844041392061627e+04	 6.37296067618854867760e+04	 6.02842638120614865329e+04	 5.03961216263465321390e+04	 5.70110362541604554281e+04	 5.72621634921004006173e+04	 5.03522770600813964847e+04	 5.08685324507832916652e+01	 1.23563887166728562761e+02	
 6.46071578138689437765e+03	 7.40051266670591212460e+03	 2.46054755065864883363e+06	-4.71971889663357986137e+05	-4.11155386453613522463e+05	-8.18839563541334588081e+05	-1.56394426512511447072e+06	-7.56189512607648211997e+04	-6.84755812702195980819e+04	-4.62178180725431957399e+04	-3.46770908923486131243e+04	-2.13223978742299841542e+04	-1.05167495273654531047e+04	 3.10118684495646994037e+03	 1.82568806574344052933e+04	 3.36860914384717834764e+04	 6.43461701317316255881e+04	 6.78568341164409275734e+02	 8.29015828100200678819e+02	
-8.25906738499377388507e+03	-3.35159787198901321972e+04	-4.71971889663357986137e+05	 1.04020967870775799383e+05	 1.15282275430360823520e+05	 5.71135774950505874585e+04	 3.63885557551175646950e+05	 7.89698568477762273687e+03	 5.88644903931763747096e+03	 2.09631836750647380541e+03	-1.96766426924745161386e+02	-2.54061787049407485028e+03	-5.08101507523019972723e+03	-7.15863842174871751922e+03	-1.14187316200201203173e+04	-1.58694708972500229720e+04	-2.05685759894252296363e+04	-1.79260984672492241998e+02	-2.08858014272509365128e+02	
-3.56512549777314634412e+04	-1.59817566596072923858e+05	-4.11155386453613522463e+05	 1.15282275430360823520e+05	 2.12715451513747888384e+05	-4.62529957951368996873e+05	 4.48469806883275741711e+05	-1.92384162517308541283e+04	-3.03957237552134902216e+04	-3.26824515204924027785e+04	-3.51180158236105926335e+04	-3.54134953796471963869e+04	-3.82054628997376858024e+04	-3.56913399727144133067e+04	-4.41177015291247880668e+04	-4.78582572180556235253e+04	-4.59054930025031935656e+04	-3.94988443638497528809e+02	-4.67920719604185705975e+02	
 2.10568196979546744842e+05	 1.00143615311028575525e+06	-8.18839563541334588081e+05	 5.71135774950505874585e+04	-4.62529957951368996873e+05	 7.26897796771881170571e+06	 2.35289278579232888296e+06	 5.56946071961647015996e+05	 4.24005314202747133095e+05	 3.16875599788033752702e+05	 2.84633129564142087474e+05	 2.51700290396634867648e+05	 2.44183479435482877307e+05	 2.09437041369956510607e+05	 2.40564928852210752666e+05	 2.42645978802763042040e+05	 2.12505093032589240465e+05	-9.28077870490317991425e+02	-5.46159986180450459869e+02	
-9.45854535389553784626e+04	-5.42221796246387646534e+05	-1.56394426512511447072e+06	 3.63885557551175646950e+05	 4.48469806883275741711e+05	 2.35289278579232888296e+06	 5.94000577310458663851e+06	-6.37955922924225102179e+05	-1.59855834404876572080e+05	-7.95821032810876786243e+04	-4.38901174636915966403e+04	-2.09706269004687346751e+04	-9.55644042331672244472e+03	-2.73073228763363931648e+03	-7.04433110754472636472e+02	-2.43899448371671496716e+03	-1.12540419886897107062e+04	 9.20109627624509084853e+03	 1.60018160907130040869e+04	
 2.20879094284418824827e+04	 1.65268957991033326834e+05	-7.56189512607648211997e+04	 7.89698568477762273687e+03	-1.92384162517308541283e+04	 5.56946071961647015996e+05	-6.37955922924225102179e+05	 5.06557467118257249240e+05	 4.30825389470298105152e+04	 4.75760279964530127472e+02	 6.43470998542029064993e+02	 1.21261433936822786706e+01	 4.28222473906545673117e+01	 4.97166592822315855926e+00	 3.58874114015223355523e+00	-1.54445827004465741084e-02	 1.33747690329393975617e+00	-7.30592374303453873097e+00	-3.70204732641033729124e+00	
 1.87332759822459192947e+04	 1.09586840733696837560e+05	-6.84755812702195980819e+04	 5.88644903931763747096e+03	-3.03957237552134902216e+04	 4.24005314202747133095e+05	-1.59855834404876572080e+05	 4.30825389470298105152e+04	 2.30110919131088012364e+05	 3.22497220118719560560e+04	 4.06876878859479447215e+01	 7.01166520141722230619e+02	-2.20221689600681429511e+01	 2.14279773812747755812e+01	 5.72526730240454284626e+00	 9.02564849807703240003e-02	 8.66739736180186071124e-01	-6.53447410085774436084e+01	-4.81500579563984558717e+01	
 1.63316144974600938440e+04	 8.43515455996382952435e+04	-4.62178180725431957399e+04	 2.09631836750647380541e+03	-3.26824515204924027785e+04	 3.16875599788033752702e+05	-7.95821032810876786243e+04	 4.75760279964530127472e+02	 3.22497220118719560560e+04	 1.52459989191839500563e+05	 3.29720207284785428783e+04	-1.69541790367181562260e+02	 5.60914982504850740952e+02	 1.31295365035338953419e+01	 4.23983874626753376447e+00	 5.26913929822964632876e+00	 3.12185960456830002840e-02	-7.46704441934936795633e+01	-6.15088666881447210244e+01	
 1.54800464465204167936e+04	 7.41409844041392061627e+04	-3.46770908923486131243e+04	-1.96766426924745161386e+02	-3.51180158236105926335e+04	 2.84633129564142087474e+05	-4.38901174636915966403e+04	 6.43470998542029064993e+02	 4.06876878859479447215e+01	 3.29720207284785428783e+04	 1.22833462705169382389e+05	 2.95854610782839699823e+04	 1.92782884040328241326e+02	 4.00648491652910706762e+02	 5.11009894116060294778e+01	 6.55394220620014777978e+00	 3.89694261122927798624e+00	-1.26337201160410828038e+02	-1.20722511297079364567e+02	
 1.41083300990317584365e+04	 6.37296067618854867760e+04	-2.13223978742299841542e+04	-2.54061787049407485028e+03	-3.54134953796471963869e+04	 2.51700290396634867648e+05	-2.09706269004687346751e+04	 1.21261433936822786706e+01	 7.01166520141722230619e+02	-1.69541790367181562260e+02	 2.95854610782839699823e+04	 9.93802740161232359242e+04	 2.67627948766332738160e+04	 4.31041740078407087822e+02	 3.45816504960907991517e+02	 5.75709663833721947412e+01	 7.56538850972706455877e+00	-8.63779555875852480540e+01	-8.71027772909263404699e+01	
 1.39731234505142147100e+04	 6.02842638120614865329e+04	-1.05167495273654531047e+04	-5.08101507523019972723e+03	-3.82054628997376858024e+04	 2.44183479435482877307e+05	-9.55644042331672244472e+03	 4.28222473906545673117e+01	-2.20221689600681429511e+01	 5.60914982504850740952e+02	 1.92782884040328241326e+02	 2.67627948766332738160e+04	 9.31020962793425424024e+04	 2.36085380034085465013e+04	 9.59813774633499406264e+02	 2.72265141532964662474e+02	 4.89067656302826208048e+01	-4.59066758596866151265e+01	-5.66453540621402851230e+01	
 1.21200326861643952725e+04	 5.03961216263465321390e+04	 3.10118684495646994037e+03	-7.15863842174871751922e+03	-3.56913399727144133067e+04	 2.09437041369956510607e+05	-2.73073228763363931648e+03	 4.97166592822315855926e+00	 2.14279773812747755812e+01	 1.31295365035338953419e+01	 4.00648491652910706762e+02	 4.31041740078407087822e+02	 2.36085380034085465013e+04	 7.40106211214368668152e+04	 1.97244235456005844753e+04	 6.90544433314275693192e+02	 1.14320100817053969422e+02	-3.42454264709845546122e+01	-4.63401398940022488659e+01	
 1.41766258665824316267e+04	 5.70110362541604554281e+04	 1.82568806574344052933e+04	-1.14187316200201203173e+04	-4.41177015291247880668e+04	 2.40564928852210752666e+05	-7.04433110754472636472e+02	 3.58874114015223355523e+00	 5.72526730240454284626e+00	 4.23983874626753376447e+00	 5.11009894116060294778e+01	 3.45816504960907991517e+02	 9.59813774633499406264e+02	 1.97244235456005844753e+04	 9.20001902159219025634e+04	 1.63366461092721019668e+04	 6.10969547363121137096e+02	-3.57762677099134620562e+01	-4.32206340961577950566e+01	
 1.47507833267382702616e+04	 5.72621634921004006173e+04	 3.36860914384717834764e+04	-1.58694708972500229720e+04	-4.78582572180556235253e+04	 2.42645978802763042040e+05	-2.43899448371671496716e+03	-1.54445827004465741084e-02	 9.02564849807703240003e-02	 5.26913929822964632876e+00	 6.55394220620014777978e+00	 5.75709663833721947412e+01	 2.72265141532964662474e+02	 6.90544433314275693192e+02	 1.63366461092721019668e+04	 9.52291031260609306628e+04	 1.11907303894910928648e+04	-1.47885591980965216408e+02	-2.52614619539383511437e+02	
 1.35249203242825078632e+04	 5.03522770600813964847e+04	 6.43461701317316255881e+04	-2.05685759894252296363e+04	-4.59054930025031935656e+04	 2.12505093032589240465e+05	-1.12540419886897107062e+04	 1.33747690329393975617e+00	 8.66739736180186071124e-01	 3.12185960456830002840e-02	 3.89694261122927798624e+00	 7.56538850972706455877e+00	 4.89067656302826208048e+01	 1.14320100817053969422e+02	 6.10969547363121137096e+02	 1.11907303894910928648e+04	 8.68491585138566151727e+04	-3.59106506780327777051e+02	-6.32444515135256096983e+02	
 6.58680678557512777616e+01	 5.08685324507832916652e+01	 6.78568341164409275734e+02	-1.79260984672492241998e+02	-3.94988443638497528809e+02	-9.28077870490317991425e+02	 9.20109627624509084853e+03	-7.30592374303453873097e+00	-6.53447410085774436084e+01	-7.46704441934936795633e+01	-1.26337201160410828038e+02	-8.63779555875852480540e+01	-4.59066758596866151265e+01	-3.42454264709845546122e+01	-3.57762677099134620562e+01	-1.47885591980965216408e+02	-3.59106506780327777051e+02	 1.81430136035689452001e+03	 2.95274074420583747269e+03	
 1.19752156574660631350e+02	 1.23563887166728562761e+02	 8.29015828100200678819e+02	-2.08858014272509365128e+02	-4.67920719604185705975e+02	-5.46159986180450459869e+02	 1.60018160907130040869e+04	-3.70204732641033729124e+00	-4.81500579563984558717e+01	-6.15088666881447210244e+01	-1.20722511297079364567e+02	-8.71027772909263404699e+01	-5.66453540621402851230e+01	-4.63401398940022488659e+01	-4.32206340961577950566e+01	-2.52614619539383511437e+02	-6.32444515135256096983e+02	 2.95274074420583747269e+03	 4.89006687777398565231e+03	
