#
# This file contains a Fisher matrix created with the CosmicFish code.
#
# The parameters of this Fisher matrix are:
#
#    1    wa    w_a    0.0
#    2    w0    w_0    -1.0
#    3    Omegab    \Omega_{\mathrm{b}, 0}    0.05
#    4    h    h    0.67
#    5    ns    n_\mathrm{s}    0.96
#    6    sigma8    \sigma_8    0.815584
#    7    Omegam    \Omega_{\mathrm{m}, 0}    0.32
#    8    b1    b_1    1.0998
#    9    b2    b_2    1.2202
#    10    b3    b_3    1.2724
#    11    b4    b_4    1.3166
#    12    b5    b_5    1.3581
#    13    b6    b_6    1.3998
#    14    b7    b_7    1.4446
#    15    b8    b_8    1.4965
#    16    b9    b_9    1.5652
#    17    b10    b_10    1.743
#    18    AIA    A_\mathrm{IA}    1.72
#    19    etaIA    \eta_mathrm{IA}    -0.41
#    20    Ps_1    Ps_1    0.0
#    21    Ps_2    Ps_2    0.0
#    22    Ps_3    Ps_3    0.0
#    23    Ps_4    Ps_4    0.0
#    24    lnbgs8_1    lnbgs8_1    -0.3255807310587479
#    25    lnbgs8_2    lnbgs8_2    -0.3160462157381254
#    26    lnbgs8_3    lnbgs8_3    -0.3116576878035215
#    27    lnbgs8_4    lnbgs8_4    -0.320278300814655
#
1.9303519287121344E+04     8.4268050345370881E+04     1.4556285924136764E+04     -1.7507992013916277E+05     -4.4804239175978932E+04     2.2294855831935589E+05     -1.3719695410956032E+04     2.2087909428441882E+04     1.8733275982245919E+04     1.6331614497460094E+04     1.5480046446520417E+04     1.4108330099031758E+04     1.3973123450514215E+04     1.2120032686164395E+04     1.4176625866582432E+04     1.4750783326738270E+04     1.3524920324282508E+04     6.5868067855751278E+01     1.1975215657466063E+02     2.2952902978173766E+00     2.5599117660968096E+00     2.3073463097761024E+00     2.2210269078226501E+00     2.9686403816451144E+04     3.2948587418475428E+04     3.0567684332442601E+04     3.1729961998628809E+04     
8.4268050345370881E+04     3.9394389947568951E+05     2.6182428808438937E+04     -9.1807373926042416E+05     -1.9627329629219190E+05     1.0958196420526244E+06     -2.2831814390385896E+05     1.6526895799103333E+05     1.0958684073369684E+05     8.4351545599638295E+04     7.4140984404139206E+04     6.3729606761885487E+04     6.0284263812061487E+04     5.0396121626346532E+04     5.7011036254160455E+04     5.7262163492100401E+04     5.0352277060081396E+04     5.0868532450783292E+01     1.2356388716672856E+02     1.2348454403125725E+01     1.2397247510113324E+01     1.0352362158972042E+01     9.3171703316095851E+00     1.4350509095663112E+05     1.4698184676924942E+05     1.2888473360714749E+05     1.2763154054694553E+05     
1.4556285924136764E+04     2.6182428808438937E+04     7.8469390518287038E+06     1.2511597213530417E+06     -1.5398163092795485E+06     -9.2986909399008425E+05     -3.9981452968320800E+06     -7.5618951260764821E+04     -6.8475581270219598E+04     -4.6217818072543196E+04     -3.4677090892348613E+04     -2.1322397874229984E+04     -1.0516749527365453E+04     3.1011868449564699E+03     1.8256880657434405E+04     3.3686091438471783E+04     6.4346170131731626E+04     6.7856834116440928E+02     8.2901582810020068E+02     -9.8620954239619053E+01     -8.7125237070762267E+01     -6.4467315441603347E+01     -4.8327848665105734E+01     -3.2443800621464336E+05     -2.5869193918466600E+05     -1.3871359313183493E+05     2.7798256847472538E+04     
-1.7507992013916277E+05     -9.1807373926042416E+05     1.2511597213530417E+06     1.8637619779563356E+07     -3.3093453054082062E+05     -2.0854192422749219E+06     -5.2290752683188599E+06     7.8969856847776227E+03     5.8864490393176375E+03     2.0963183675064738E+03     -1.9676642692474516E+02     -2.5406178704940749E+03     -5.0810150752301997E+03     -7.1586384217487175E+03     -1.1418731620020120E+04     -1.5869470897250023E+04     -2.0568575989425230E+04     -1.7926098467249224E+02     -2.0885801427250937E+02     -3.1736633039521018E+02     -2.8320884767357404E+02     -2.1566760216698083E+02     -1.7638934190758465E+02     -2.4158457725534234E+06     -2.3224466380377444E+06     -1.9257168713385724E+06     -1.7700059866004416E+06     
-4.4804239175978932E+04     -1.9627329629219190E+05     -1.5398163092795485E+06     -3.3093453054082062E+05     5.4541873315194563E+05     -4.6048559935914649E+05     1.0291710533946503E+06     -1.9238416251730854E+04     -3.0395723755213490E+04     -3.2682451520492403E+04     -3.5118015823610593E+04     -3.5413495379647196E+04     -3.8205462899737686E+04     -3.5691339972714413E+04     -4.4117701529124788E+04     -4.7858257218055624E+04     -4.5905493002503194E+04     -3.9498844363849753E+02     -4.6792071960418571E+02     2.7732752164609145E+01     2.4349583582577459E+01     1.7785676688584729E+01     1.2909810133501573E+01     6.1993204025746811E+04     4.2501465648604921E+04     1.1350643738477011E+04     -3.6632780062711041E+04     
2.2294855831935589E+05     1.0958196420526244E+06     -9.2986909399008425E+05     -2.0854192422749219E+06     -4.6048559935914649E+05     7.5967751568248272E+06     2.7597395614619893E+06     5.5694607196164702E+05     4.2400531420274713E+05     3.1687559978803375E+05     2.8463312956414209E+05     2.5170029039663487E+05     2.4418347943548288E+05     2.0943704136995651E+05     2.4056492885221075E+05     2.4264597880276304E+05     2.1250509303258924E+05     -9.2807787049031799E+02     -5.4615998618045046E+02     3.0179315749152863E+01     2.6433092764941129E+01     1.9885043681139077E+01     1.6317270479254695E+01     2.4362849555544453E+05     2.3153708611116261E+05     1.9180115176339162E+05     1.8066585178147265E+05     
-1.3719695410956032E+04     -2.2831814390385896E+05     -3.9981452968320800E+06     -5.2290752683188599E+06     1.0291710533946503E+06     2.7597395614619893E+06     9.2292132794467751E+06     -6.3795592292422510E+05     -1.5985583440487657E+05     -7.9582103281087679E+04     -4.3890117463691597E+04     -2.0970626900468735E+04     -9.5564404233167224E+03     -2.7307322876336393E+03     -7.0443311075447264E+02     -2.4389944837167150E+03     -1.1254041988689711E+04     9.2010962762450908E+03     1.6001816090713004E+04     1.2573190412847175E+02     1.1808426155294154E+02     9.4318772275431300E+01     8.0661852984507362E+01     8.8311193019857584E+05     8.8306433647706429E+05     7.4503194628968323E+05     6.6613535855212773E+05     
2.2087909428441882E+04     1.6526895799103333E+05     -7.5618951260764821E+04     7.8969856847776227E+03     -1.9238416251730854E+04     5.5694607196164702E+05     -6.3795592292422510E+05     5.0655746711825725E+05     4.3082538947029811E+04     4.7576027996453013E+02     6.4347099854202906E+02     1.2126143393682279E+01     4.2822247390654567E+01     4.9716659282231586E+00     3.5887411401522336E+00     -1.5444582700446574E-02     1.3374769032939398E+00     -7.3059237430345387E+00     -3.7020473264103373E+00     0.0000000000000000E+00     0.0000000000000000E+00     0.0000000000000000E+00     0.0000000000000000E+00     0.0000000000000000E+00     0.0000000000000000E+00     0.0000000000000000E+00     0.0000000000000000E+00     
1.8733275982245919E+04     1.0958684073369684E+05     -6.8475581270219598E+04     5.8864490393176375E+03     -3.0395723755213490E+04     4.2400531420274713E+05     -1.5985583440487657E+05     4.3082538947029811E+04     2.3011091913108801E+05     3.2249722011871956E+04     4.0687687885947945E+01     7.0116652014172223E+02     -2.2022168960068143E+01     2.1427977381274776E+01     5.7252673024045428E+00     9.0256484980770324E-02     8.6673973618018607E-01     -6.5344741008577444E+01     -4.8150057956398456E+01     0.0000000000000000E+00     0.0000000000000000E+00     0.0000000000000000E+00     0.0000000000000000E+00     0.0000000000000000E+00     0.0000000000000000E+00     0.0000000000000000E+00     0.0000000000000000E+00     
1.6331614497460094E+04     8.4351545599638295E+04     -4.6217818072543196E+04     2.0963183675064738E+03     -3.2682451520492403E+04     3.1687559978803375E+05     -7.9582103281087679E+04     4.7576027996453013E+02     3.2249722011871956E+04     1.5245998919183950E+05     3.2972020728478543E+04     -1.6954179036718156E+02     5.6091498250485074E+02     1.3129536503533895E+01     4.2398387462675338E+00     5.2691392982296463E+00     3.1218596045683000E-02     -7.4670444193493680E+01     -6.1508866688144721E+01     0.0000000000000000E+00     0.0000000000000000E+00     0.0000000000000000E+00     0.0000000000000000E+00     0.0000000000000000E+00     0.0000000000000000E+00     0.0000000000000000E+00     0.0000000000000000E+00     
1.5480046446520417E+04     7.4140984404139206E+04     -3.4677090892348613E+04     -1.9676642692474516E+02     -3.5118015823610593E+04     2.8463312956414209E+05     -4.3890117463691597E+04     6.4347099854202906E+02     4.0687687885947945E+01     3.2972020728478543E+04     1.2283346270516938E+05     2.9585461078283970E+04     1.9278288404032824E+02     4.0064849165291071E+02     5.1100989411606029E+01     6.5539422062001478E+00     3.8969426112292780E+00     -1.2633720116041083E+02     -1.2072251129707936E+02     0.0000000000000000E+00     0.0000000000000000E+00     0.0000000000000000E+00     0.0000000000000000E+00     0.0000000000000000E+00     0.0000000000000000E+00     0.0000000000000000E+00     0.0000000000000000E+00     
1.4108330099031758E+04     6.3729606761885487E+04     -2.1322397874229984E+04     -2.5406178704940749E+03     -3.5413495379647196E+04     2.5170029039663487E+05     -2.0970626900468735E+04     1.2126143393682279E+01     7.0116652014172223E+02     -1.6954179036718156E+02     2.9585461078283970E+04     9.9380274016123236E+04     2.6762794876633274E+04     4.3104174007840709E+02     3.4581650496090799E+02     5.7570966383372195E+01     7.5653885097270646E+00     -8.6377955587585248E+01     -8.7102777290926340E+01     0.0000000000000000E+00     0.0000000000000000E+00     0.0000000000000000E+00     0.0000000000000000E+00     0.0000000000000000E+00     0.0000000000000000E+00     0.0000000000000000E+00     0.0000000000000000E+00     
1.3973123450514215E+04     6.0284263812061487E+04     -1.0516749527365453E+04     -5.0810150752301997E+03     -3.8205462899737686E+04     2.4418347943548288E+05     -9.5564404233167224E+03     4.2822247390654567E+01     -2.2022168960068143E+01     5.6091498250485074E+02     1.9278288404032824E+02     2.6762794876633274E+04     9.3102096279342542E+04     2.3608538003408547E+04     9.5981377463349941E+02     2.7226514153296466E+02     4.8906765630282621E+01     -4.5906675859686615E+01     -5.6645354062140285E+01     0.0000000000000000E+00     0.0000000000000000E+00     0.0000000000000000E+00     0.0000000000000000E+00     0.0000000000000000E+00     0.0000000000000000E+00     0.0000000000000000E+00     0.0000000000000000E+00     
1.2120032686164395E+04     5.0396121626346532E+04     3.1011868449564699E+03     -7.1586384217487175E+03     -3.5691339972714413E+04     2.0943704136995651E+05     -2.7307322876336393E+03     4.9716659282231586E+00     2.1427977381274776E+01     1.3129536503533895E+01     4.0064849165291071E+02     4.3104174007840709E+02     2.3608538003408547E+04     7.4010621121436867E+04     1.9724423545600584E+04     6.9054443331427569E+02     1.1432010081705397E+02     -3.4245426470984555E+01     -4.6340139894002249E+01     0.0000000000000000E+00     0.0000000000000000E+00     0.0000000000000000E+00     0.0000000000000000E+00     0.0000000000000000E+00     0.0000000000000000E+00     0.0000000000000000E+00     0.0000000000000000E+00     
1.4176625866582432E+04     5.7011036254160455E+04     1.8256880657434405E+04     -1.1418731620020120E+04     -4.4117701529124788E+04     2.4056492885221075E+05     -7.0443311075447264E+02     3.5887411401522336E+00     5.7252673024045428E+00     4.2398387462675338E+00     5.1100989411606029E+01     3.4581650496090799E+02     9.5981377463349941E+02     1.9724423545600584E+04     9.2000190215921903E+04     1.6336646109272102E+04     6.1096954736312114E+02     -3.5776267709913462E+01     -4.3220634096157795E+01     0.0000000000000000E+00     0.0000000000000000E+00     0.0000000000000000E+00     0.0000000000000000E+00     0.0000000000000000E+00     0.0000000000000000E+00     0.0000000000000000E+00     0.0000000000000000E+00     
1.4750783326738270E+04     5.7262163492100401E+04     3.3686091438471783E+04     -1.5869470897250023E+04     -4.7858257218055624E+04     2.4264597880276304E+05     -2.4389944837167150E+03     -1.5444582700446574E-02     9.0256484980770324E-02     5.2691392982296463E+00     6.5539422062001478E+00     5.7570966383372195E+01     2.7226514153296466E+02     6.9054443331427569E+02     1.6336646109272102E+04     9.5229103126060931E+04     1.1190730389491093E+04     -1.4788559198096522E+02     -2.5261461953938351E+02     0.0000000000000000E+00     0.0000000000000000E+00     0.0000000000000000E+00     0.0000000000000000E+00     0.0000000000000000E+00     0.0000000000000000E+00     0.0000000000000000E+00     0.0000000000000000E+00     
1.3524920324282508E+04     5.0352277060081396E+04     6.4346170131731626E+04     -2.0568575989425230E+04     -4.5905493002503194E+04     2.1250509303258924E+05     -1.1254041988689711E+04     1.3374769032939398E+00     8.6673973618018607E-01     3.1218596045683000E-02     3.8969426112292780E+00     7.5653885097270646E+00     4.8906765630282621E+01     1.1432010081705397E+02     6.1096954736312114E+02     1.1190730389491093E+04     8.6849158513856615E+04     -3.5910650678032778E+02     -6.3244451513525610E+02     0.0000000000000000E+00     0.0000000000000000E+00     0.0000000000000000E+00     0.0000000000000000E+00     0.0000000000000000E+00     0.0000000000000000E+00     0.0000000000000000E+00     0.0000000000000000E+00     
6.5868067855751278E+01     5.0868532450783292E+01     6.7856834116440928E+02     -1.7926098467249224E+02     -3.9498844363849753E+02     -9.2807787049031799E+02     9.2010962762450908E+03     -7.3059237430345387E+00     -6.5344741008577444E+01     -7.4670444193493680E+01     -1.2633720116041083E+02     -8.6377955587585248E+01     -4.5906675859686615E+01     -3.4245426470984555E+01     -3.5776267709913462E+01     -1.4788559198096522E+02     -3.5910650678032778E+02     1.8143013603568945E+03     2.9527407442058375E+03     0.0000000000000000E+00     0.0000000000000000E+00     0.0000000000000000E+00     0.0000000000000000E+00     0.0000000000000000E+00     0.0000000000000000E+00     0.0000000000000000E+00     0.0000000000000000E+00     
1.1975215657466063E+02     1.2356388716672856E+02     8.2901582810020068E+02     -2.0885801427250937E+02     -4.6792071960418571E+02     -5.4615998618045046E+02     1.6001816090713004E+04     -3.7020473264103373E+00     -4.8150057956398456E+01     -6.1508866688144721E+01     -1.2072251129707936E+02     -8.7102777290926340E+01     -5.6645354062140285E+01     -4.6340139894002249E+01     -4.3220634096157795E+01     -2.5261461953938351E+02     -6.3244451513525610E+02     2.9527407442058375E+03     4.8900668777739857E+03     0.0000000000000000E+00     0.0000000000000000E+00     0.0000000000000000E+00     0.0000000000000000E+00     0.0000000000000000E+00     0.0000000000000000E+00     0.0000000000000000E+00     0.0000000000000000E+00     
2.2952902978173766E+00     1.2348454403125725E+01     -9.8620954239619053E+01     -3.1736633039521018E+02     2.7732752164609145E+01     3.0179315749152863E+01     1.2573190412847175E+02     0.0000000000000000E+00     0.0000000000000000E+00     0.0000000000000000E+00     0.0000000000000000E+00     0.0000000000000000E+00     0.0000000000000000E+00     0.0000000000000000E+00     0.0000000000000000E+00     0.0000000000000000E+00     0.0000000000000000E+00     0.0000000000000000E+00     0.0000000000000000E+00     2.4079191351794111E-02     0.0000000000000000E+00     0.0000000000000000E+00     0.0000000000000000E+00     1.4288844412779383E+02     0.0000000000000000E+00     0.0000000000000000E+00     0.0000000000000000E+00     
2.5599117660968096E+00     1.2397247510113324E+01     -8.7125237070762267E+01     -2.8320884767357404E+02     2.4349583582577459E+01     2.6433092764941129E+01     1.1808426155294154E+02     0.0000000000000000E+00     0.0000000000000000E+00     0.0000000000000000E+00     0.0000000000000000E+00     0.0000000000000000E+00     0.0000000000000000E+00     0.0000000000000000E+00     0.0000000000000000E+00     0.0000000000000000E+00     0.0000000000000000E+00     0.0000000000000000E+00     0.0000000000000000E+00     0.0000000000000000E+00     2.1024477719550409E-02     0.0000000000000000E+00     -8.2130432148145097E-19     0.0000000000000000E+00     1.3237468795728381E+02     0.0000000000000000E+00     0.0000000000000000E+00     
2.3073463097761024E+00     1.0352362158972042E+01     -6.4467315441603347E+01     -2.1566760216698083E+02     1.7785676688584729E+01     1.9885043681139077E+01     9.4318772275431300E+01     0.0000000000000000E+00     0.0000000000000000E+00     0.0000000000000000E+00     0.0000000000000000E+00     0.0000000000000000E+00     0.0000000000000000E+00     0.0000000000000000E+00     0.0000000000000000E+00     0.0000000000000000E+00     0.0000000000000000E+00     0.0000000000000000E+00     0.0000000000000000E+00     0.0000000000000000E+00     0.0000000000000000E+00     1.5672338152568448E-02     0.0000000000000000E+00     0.0000000000000000E+00     0.0000000000000000E+00     1.0487629162728885E+02     0.0000000000000000E+00     
2.2210269078226501E+00     9.3171703316095851E+00     -4.8327848665105734E+01     -1.7638934190758465E+02     1.2909810133501573E+01     1.6317270479254695E+01     8.0661852984507362E+01     0.0000000000000000E+00     0.0000000000000000E+00     0.0000000000000000E+00     0.0000000000000000E+00     0.0000000000000000E+00     0.0000000000000000E+00     0.0000000000000000E+00     0.0000000000000000E+00     0.0000000000000000E+00     0.0000000000000000E+00     0.0000000000000000E+00     0.0000000000000000E+00     0.0000000000000000E+00     -8.2130432148145097E-19     0.0000000000000000E+00     1.2577641740808252E-02     0.0000000000000000E+00     0.0000000000000000E+00     0.0000000000000000E+00     9.0083729359696065E+01     
2.9686403816451144E+04     1.4350509095663112E+05     -3.2443800621464336E+05     -2.4158457725534234E+06     6.1993204025746811E+04     2.4362849555544453E+05     8.8311193019857584E+05     0.0000000000000000E+00     0.0000000000000000E+00     0.0000000000000000E+00     0.0000000000000000E+00     0.0000000000000000E+00     0.0000000000000000E+00     0.0000000000000000E+00     0.0000000000000000E+00     0.0000000000000000E+00     0.0000000000000000E+00     0.0000000000000000E+00     0.0000000000000000E+00     1.4288844412779383E+02     0.0000000000000000E+00     0.0000000000000000E+00     0.0000000000000000E+00     1.2663520379194510E+06     0.0000000000000000E+00     0.0000000000000000E+00     0.0000000000000000E+00     
3.2948587418475428E+04     1.4698184676924942E+05     -2.5869193918466600E+05     -2.3224466380377444E+06     4.2501465648604921E+04     2.3153708611116261E+05     8.8306433647706429E+05     0.0000000000000000E+00     0.0000000000000000E+00     0.0000000000000000E+00     0.0000000000000000E+00     0.0000000000000000E+00     0.0000000000000000E+00     0.0000000000000000E+00     0.0000000000000000E+00     0.0000000000000000E+00     0.0000000000000000E+00     0.0000000000000000E+00     0.0000000000000000E+00     0.0000000000000000E+00     1.3237468795728381E+02     0.0000000000000000E+00     0.0000000000000000E+00     0.0000000000000000E+00     1.2512565984756728E+06     0.0000000000000000E+00     0.0000000000000000E+00     
3.0567684332442601E+04     1.2888473360714749E+05     -1.3871359313183493E+05     -1.9257168713385724E+06     1.1350643738477011E+04     1.9180115176339162E+05     7.4503194628968323E+05     0.0000000000000000E+00     0.0000000000000000E+00     0.0000000000000000E+00     0.0000000000000000E+00     0.0000000000000000E+00     0.0000000000000000E+00     0.0000000000000000E+00     0.0000000000000000E+00     0.0000000000000000E+00     0.0000000000000000E+00     0.0000000000000000E+00     0.0000000000000000E+00     0.0000000000000000E+00     0.0000000000000000E+00     1.0487629162728885E+02     0.0000000000000000E+00     0.0000000000000000E+00     0.0000000000000000E+00     1.0687174742957582E+06     0.0000000000000000E+00     
3.1729961998628809E+04     1.2763154054694553E+05     2.7798256847472538E+04     -1.7700059866004416E+06     -3.6632780062711041E+04     1.8066585178147265E+05     6.6613535855212773E+05     0.0000000000000000E+00     0.0000000000000000E+00     0.0000000000000000E+00     0.0000000000000000E+00     0.0000000000000000E+00     0.0000000000000000E+00     0.0000000000000000E+00     0.0000000000000000E+00     0.0000000000000000E+00     0.0000000000000000E+00     0.0000000000000000E+00     0.0000000000000000E+00     0.0000000000000000E+00     0.0000000000000000E+00     0.0000000000000000E+00     9.0083729359696065E+01     0.0000000000000000E+00     0.0000000000000000E+00     0.0000000000000000E+00     1.0203905838134736E+06     
