#           wa_fld,           w0_fld,          Omega_b,                h,              n_s,           sigma8,     Omega_m_camb,           bias_1,           bias_2,           bias_3,           bias_4,           bias_5,           bias_6,           bias_7,           bias_8,           bias_9,          bias_10,              aIA,            etaIA
 1.111389e-02	-2.773429e-03	-6.945656e-06	 2.406438e-04	-4.833170e-05	 1.542322e-04	-1.460400e-04	 7.099044e-05	 1.326679e-05	-4.535911e-05	-1.009068e-04	-1.496195e-04	-2.031977e-04	-2.476855e-04	-3.016949e-04	-3.646410e-04	-4.587967e-04	-8.538721e-05	 2.419845e-04	
-2.773429e-03	 7.802827e-04	 3.078689e-06	-6.247129e-05	-6.749957e-07	-4.294568e-05	 4.599523e-05	-2.758715e-05	-2.424111e-05	-1.410960e-05	-3.453507e-06	 5.146884e-06	 1.644484e-05	 2.462876e-05	 3.670983e-05	 5.039494e-05	 7.092205e-05	-8.812693e-05	-3.979912e-05	
-6.945656e-06	 3.078689e-06	 4.699160e-06	 2.602453e-05	-5.719535e-06	-3.815957e-07	 4.327320e-07	 3.821724e-07	 2.472783e-07	 1.075417e-07	 1.899508e-07	-1.851013e-07	-3.550367e-07	-2.893295e-07	-6.593164e-07	-8.437053e-07	-1.036404e-06	-2.593249e-06	 2.973326e-07	
 2.406438e-04	-6.247129e-05	 2.602453e-05	 1.707567e-04	-4.033241e-05	 2.273827e-06	-2.707729e-06	 4.878712e-06	 3.170995e-06	 6.287362e-07	-1.317262e-08	-3.579739e-06	-6.028160e-06	-7.290689e-06	-1.063650e-05	-1.337793e-05	-1.684971e-05	-3.577640e-06	 4.958651e-06	
-4.833170e-05	-6.749957e-07	-5.719535e-06	-4.033241e-05	 1.398388e-05	 3.870046e-07	-1.237627e-06	-4.192892e-07	 1.983315e-06	 3.448615e-06	 4.140975e-06	 5.642469e-06	 6.664798e-06	 7.520824e-06	 8.704528e-06	 9.602341e-06	 1.107358e-05	 1.733130e-05	-2.537335e-06	
 1.542322e-04	-4.294568e-05	-3.815957e-07	 2.273827e-06	 3.870046e-07	 3.620440e-06	-3.424504e-06	-6.389812e-07	-1.154706e-06	-1.820262e-06	-2.473056e-06	-2.946787e-06	-3.567462e-06	-4.098531e-06	-4.622398e-06	-5.370206e-06	-6.510970e-06	 6.032535e-06	 3.742790e-06	
-1.460400e-04	 4.599523e-05	 4.327320e-07	-2.707729e-06	-1.237627e-06	-3.424504e-06	 3.759926e-06	-2.912820e-07	-6.029201e-07	-2.639989e-07	 1.150464e-07	 3.592997e-07	 7.871424e-07	 1.121629e-06	 1.511213e-06	 2.120300e-06	 2.981032e-06	-1.041451e-05	-3.412734e-06	
 7.099044e-05	-2.758715e-05	 3.821724e-07	 4.878712e-06	-4.192892e-07	-6.389812e-07	-2.912820e-07	 5.716845e-06	 6.625314e-06	 6.914919e-06	 6.945727e-06	 6.976952e-06	 6.742001e-06	 6.915473e-06	 6.367039e-06	 6.133721e-06	 5.731372e-06	 8.098215e-06	-3.066399e-06	
 1.326679e-05	-2.424111e-05	 2.472783e-07	 3.170995e-06	 1.983315e-06	-1.154706e-06	-6.029201e-07	 6.625314e-06	 1.028280e-05	 1.072370e-05	 1.170914e-05	 1.235683e-05	 1.278165e-05	 1.353880e-05	 1.349880e-05	 1.388323e-05	 1.438975e-05	 2.213468e-05	-7.114394e-06	
-4.535911e-05	-1.410960e-05	 1.075417e-07	 6.287362e-07	 3.448615e-06	-1.820262e-06	-2.639989e-07	 6.914919e-06	 1.072370e-05	 1.369362e-05	 1.346924e-05	 1.527734e-05	 1.580701e-05	 1.708260e-05	 1.740908e-05	 1.823769e-05	 1.935422e-05	 2.914283e-05	-1.006944e-05	
-1.009068e-04	-3.453507e-06	 1.899508e-07	-1.317262e-08	 4.140975e-06	-2.473056e-06	 1.150464e-07	 6.945727e-06	 1.170914e-05	 1.346924e-05	 1.689344e-05	 1.640303e-05	 1.854351e-05	 1.965478e-05	 2.042700e-05	 2.150196e-05	 2.342144e-05	 2.775509e-05	-8.606092e-06	
-1.496195e-04	 5.146884e-06	-1.851013e-07	-3.579739e-06	 5.642469e-06	-2.946787e-06	 3.592997e-07	 6.976952e-06	 1.235683e-05	 1.527734e-05	 1.640303e-05	 2.086263e-05	 1.979165e-05	 2.291688e-05	 2.328809e-05	 2.502635e-05	 2.728526e-05	 3.990119e-05	-1.504741e-05	
-2.031977e-04	 1.644484e-05	-3.550367e-07	-6.028160e-06	 6.664798e-06	-3.567462e-06	 7.871424e-07	 6.742001e-06	 1.278165e-05	 1.580701e-05	 1.854351e-05	 1.979165e-05	 2.448384e-05	 2.350182e-05	 2.613101e-05	 2.774563e-05	 3.077021e-05	 3.125617e-05	-9.577898e-06	
-2.476855e-04	 2.462876e-05	-2.893295e-07	-7.290689e-06	 7.520824e-06	-4.098531e-06	 1.121629e-06	 6.915473e-06	 1.353880e-05	 1.708260e-05	 1.965478e-05	 2.291688e-05	 2.350182e-05	 2.976327e-05	 2.771976e-05	 3.116523e-05	 3.424256e-05	 5.342634e-05	-2.215782e-05	
-3.016949e-04	 3.670983e-05	-6.593164e-07	-1.063650e-05	 8.704528e-06	-4.622398e-06	 1.511213e-06	 6.367039e-06	 1.349880e-05	 1.740908e-05	 2.042700e-05	 2.328809e-05	 2.613101e-05	 2.771976e-05	 3.254593e-05	 3.255996e-05	 3.714468e-05	 4.331159e-05	-1.572812e-05	
-3.646410e-04	 5.039494e-05	-8.437053e-07	-1.337793e-05	 9.602341e-06	-5.370206e-06	 2.120300e-06	 6.133721e-06	 1.388323e-05	 1.823769e-05	 2.150196e-05	 2.502635e-05	 2.774563e-05	 3.116523e-05	 3.255996e-05	 3.812237e-05	 4.034279e-05	 5.175448e-05	-2.113380e-05	
-4.587967e-04	 7.092205e-05	-1.036404e-06	-1.684971e-05	 1.107358e-05	-6.510970e-06	 2.981032e-06	 5.731372e-06	 1.438975e-05	 1.935422e-05	 2.342144e-05	 2.728526e-05	 3.077021e-05	 3.424256e-05	 3.714468e-05	 4.034279e-05	 4.884107e-05	 5.616212e-05	-2.295657e-05	
-8.538721e-05	-8.812693e-05	-2.593249e-06	-3.577640e-06	 1.733130e-05	 6.032535e-06	-1.041451e-05	 8.098215e-06	 2.213468e-05	 2.914283e-05	 2.775509e-05	 3.990119e-05	 3.125617e-05	 5.342634e-05	 4.331159e-05	 5.175448e-05	 5.616212e-05	 1.382401e-02	-8.412175e-03	
 2.419845e-04	-3.979912e-05	 2.973326e-07	 4.958651e-06	-2.537335e-06	 3.742790e-06	-3.412734e-06	-3.066399e-06	-7.114394e-06	-1.006944e-05	-8.606092e-06	-1.504741e-05	-9.577898e-06	-2.215782e-05	-1.572812e-05	-2.113380e-05	-2.295657e-05	-8.412175e-03	 5.278629e-03	
