#           wa_fld,           w0_fld,          Omega_b,                h,              n_s,           sigma8,     Omega_m_camb,           bias_1,           bias_2,           bias_3,           bias_4,           bias_5,           bias_6,           bias_7,           bias_8,           bias_9,          bias_10,              aIA,            etaIA
 1.44142378701148081745e+04	 6.61213670800404797774e+04	 7.24132281878687172139e+03	-8.40091685512507501699e+03	-3.56493472474861046067e+04	 2.09631364322221081238e+05	-9.58449494514210382476e+04	 2.15608449417031588382e+04	 1.92448325317146955058e+04	 1.70133756626674039580e+04	 1.53824443181241931597e+04	 1.35344396890256139159e+04	 1.28703082224722511455e+04	 1.32459057761542935623e+04	 1.35260129976385251211e+04	 1.48217078752563538728e+04	 1.36004412017048234702e+04	 7.46827249722961141742e+01	 1.30144897113397803423e+02	
 6.61213670800404797774e+04	 3.19099815878276422154e+05	 5.15825790508783848054e+03	-3.29183518104250324541e+04	-1.59829707107150868978e+05	 1.00530739035416278057e+06	-5.49956171613233280368e+05	 1.61721173063298774650e+05	 1.12739120591819431866e+05	 8.74097061909704061691e+04	 7.39799245036757492926e+04	 6.27963001520818579593e+04	 5.73336962183256400749e+04	 5.55452196865186197101e+04	 5.46469665048334427411e+04	 5.76226012742089078529e+04	 5.02883289258008007891e+04	 8.85252442304458497802e+01	 1.70870798158240233988e+02	
 7.24132281878687172139e+03	 5.15825790508783848054e+03	 2.46044099579440383241e+06	-4.71987141769406385720e+05	-4.11233429685800103471e+05	-8.18604190523597178981e+05	-1.53823948002950544469e+06	-7.39688338858374627307e+04	-7.00851867098000948317e+04	-4.77096075817675227881e+04	-3.39836454309237597045e+04	-2.02645673797215276863e+04	-1.10473029319729794224e+04	 3.67128196499085970572e+03	 1.88042933090383012313e+04	 3.28392815326525596902e+04	 6.45624979897485536640e+04	 6.78917300451362507374e+02	 8.47338330715888332634e+02	
-8.40091685512507501699e+03	-3.29183518104250324541e+04	-4.71987141769406385720e+05	 1.04044628541780766682e+05	 1.15299162777286692290e+05	 5.71456837720083640306e+04	 3.58329506960566388443e+05	 7.75685863086152494361e+03	 6.06123333652596011234e+03	 2.11712407056306847153e+03	-3.27894729946333200132e+02	-2.55271951490309174915e+03	-4.52629724710570553725e+03	-7.88979835164972973871e+03	-1.11670845011619185243e+04	-1.57301765087794701685e+04	-2.06686305333708296530e+04	-1.76266236273422265413e+02	-2.10502985682934706801e+02	
-3.56493472474861046067e+04	-1.59829707107150868978e+05	-4.11233429685800103471e+05	 1.15299162777286692290e+05	 2.12747704057278315304e+05	-4.62461332658472820185e+05	 4.48290998532807687297e+05	-1.86525526570285219350e+04	-3.09132644410748544033e+04	-3.40015026653583190637e+04	-3.52784332144143263577e+04	-3.45598561136664575315e+04	-3.55503408261419535847e+04	-3.91808643220054364065e+04	-4.23300828327042981982e+04	-4.79683615766629227437e+04	-4.61642628615320063545e+04	-3.71011031752015014717e+02	-4.45635962600809875767e+02	
 2.09631364322221081238e+05	 1.00530739035416278057e+06	-8.18604190523597178981e+05	 5.71456837720083640306e+04	-4.62461332658472820185e+05	 7.26925424285434093326e+06	 2.31799555613995576277e+06	 5.46785118505311082117e+05	 4.33928899520133971237e+05	 3.28460937534849101212e+05	 2.83588389901582384482e+05	 2.44735280716743553057e+05	 2.28392263245470181573e+05	 2.29604115549477341119e+05	 2.29477890295164077543e+05	 2.44214763874309835956e+05	 2.13771345233775587985e+05	-9.95592513315636665538e+02	-7.21654017263687933337e+02	
-9.58449494514210382476e+04	-5.49956171613233280368e+05	-1.53823948002950544469e+06	 3.58329506960566388443e+05	 4.48290998532807687297e+05	 2.31799555613995576277e+06	 5.92503884467288665473e+06	-6.27084349294654326513e+05	-1.67836132043160352623e+05	-8.05294591467443096917e+04	-4.42591233552580742980e+04	-2.73456490356181857351e+04	-1.64217484579175616091e+04	-5.56143414846577070421e+03	-2.66939936257257431862e+03	-2.40080190468431646877e+03	-9.08041023315660640947e+03	 8.73324051766947559372e+03	 1.50050382964214040840e+04	
 2.15608449417031588382e+04	 1.61721173063298774650e+05	-7.39688338858374627307e+04	 7.75685863086152494361e+03	-1.86525526570285219350e+04	 5.46785118505311082117e+05	-6.27084349294654326513e+05	 4.95916222263643576298e+05	 4.31106440204038517550e+04	 6.99997029557265477706e+02	 5.15973784073407728101e+02	 3.61264122550331023831e+00	 4.62046970473892457676e+01	 3.20141951844055938636e+00	 3.18431289550136398248e+00	-1.29639674001992943886e-01	 1.22456502340799033846e+00	-7.59052289730540685753e+00	-5.15441973898782634933e+00	
 1.92448325317146955058e+04	 1.12739120591819431866e+05	-7.00851867098000948317e+04	 6.06123333652596011234e+03	-3.09132644410748544033e+04	 4.33928899520133971237e+05	-1.67836132043160352623e+05	 4.31106440204038517550e+04	 2.38578977405417535920e+05	 3.23190726833147637080e+04	 1.72322361238196180011e+02	 6.48506020781345000614e+02	-2.55864761861000857834e+01	 2.37526287165606291296e+01	 4.65918369687814504232e+00	 2.82245609661941898594e-02	 7.25847556134112892323e-01	-7.35143423237468454090e+01	-5.32488292828684706137e+01	
 1.70133756626674039580e+04	 8.74097061909704061691e+04	-4.77096075817675227881e+04	 2.11712407056306847153e+03	-3.40015026653583190637e+04	 3.28460937534849101212e+05	-8.05294591467443096917e+04	 6.99997029557265477706e+02	 3.23190726833147637080e+04	 1.60053592467039998155e+05	 3.30564340752352873096e+04	-1.42736887427422971086e+02	 5.48051854779469408641e+02	 4.25149993973299871186e+01	 5.08621648560704642250e+00	 5.78557516529082249690e+00	 2.08796146169049734453e-01	-5.95793109263198559233e+01	-4.81530720169006158926e+01	
 1.53824443181241931597e+04	 7.39799245036757492926e+04	-3.39836454309237597045e+04	-3.27894729946333200132e+02	-3.52784332144143263577e+04	 2.83588389901582384482e+05	-4.42591233552580742980e+04	 5.15973784073407728101e+02	 1.72322361238196180011e+02	 3.30564340752352873096e+04	 1.21725370753193928977e+05	 2.96093313006304160808e+04	 2.23824446775883814098e+02	 4.36833131371263220899e+02	 4.94375829165277167476e+01	 6.35276774763049445482e+00	 3.75788013790938180136e+00	-7.73128730806714372648e+01	-7.62884926271264021125e+01	
 1.35344396890256139159e+04	 6.27963001520818579593e+04	-2.02645673797215276863e+04	-2.55271951490309174915e+03	-3.45598561136664575315e+04	 2.44735280716743553057e+05	-2.73456490356181857351e+04	 3.61264122550331023831e+00	 6.48506020781345000614e+02	-1.42736887427422971086e+02	 2.96093313006304160808e+04	 9.48800432959435420344e+04	 2.67013995061389105103e+04	 5.54946894691151896950e+02	 3.22839495945936164389e+02	 6.20041684520098073108e+01	 8.68364694893277544452e+00	-6.71982927165828840543e+01	-6.75346428646250558359e+01	
 1.28703082224722511455e+04	 5.73336962183256400749e+04	-1.10473029319729794224e+04	-4.52629724710570553725e+03	-3.55503408261419535847e+04	 2.28392263245470181573e+05	-1.64217484579175616091e+04	 4.62046970473892457676e+01	-2.55864761861000857834e+01	 5.48051854779469408641e+02	 2.23824446775883814098e+02	 2.67013995061389105103e+04	 8.40991791751171549549e+04	 2.35220291855723407934e+04	 7.35408862107566392297e+02	 2.41226211027801923592e+02	 4.10058294590151888315e+01	-6.04612865677257644847e+01	-7.32950260652102372205e+01	
 1.32459057761542935623e+04	 5.55452196865186197101e+04	 3.67128196499085970572e+03	-7.88979835164972973871e+03	-3.91808643220054364065e+04	 2.29604115549477341119e+05	-5.56143414846577070421e+03	 3.20141951844055938636e+00	 2.37526287165606291296e+01	 4.25149993973299871186e+01	 4.36833131371263220899e+02	 5.54946894691151896950e+02	 2.35220291855723407934e+04	 8.49476294532611937029e+04	 2.00254872786562045803e+04	 8.47063890947340269122e+02	 1.42284829448736758195e+02	-6.82900186685234302786e+01	-8.96359788633430838445e+01	
 1.35260129976385251211e+04	 5.46469665048334427411e+04	 1.88042933090383012313e+04	-1.11670845011619185243e+04	-4.23300828327042981982e+04	 2.29477890295164077543e+05	-2.66939936257257431862e+03	 3.18431289550136398248e+00	 4.65918369687814504232e+00	 5.08621648560704642250e+00	 4.94375829165277167476e+01	 3.22839495945936164389e+02	 7.35408862107566392297e+02	 2.00254872786562045803e+04	 8.60963244247650291072e+04	 1.62354199083672101551e+04	 5.88298740908130525895e+02	-6.75423447217825270172e+01	-8.56565863772862314818e+01	
 1.48217078752563538728e+04	 5.76226012742089078529e+04	 3.28392815326525596902e+04	-1.57301765087794701685e+04	-4.79683615766629227437e+04	 2.44214763874309835956e+05	-2.40080190468431646877e+03	-1.29639674001992943886e-01	 2.82245609661941898594e-02	 5.78557516529082249690e+00	 6.35276774763049445482e+00	 6.20041684520098073108e+01	 2.41226211027801923592e+02	 8.47063890947340269122e+02	 1.62354199083672101551e+04	 9.60041993452280294150e+04	 1.12320831029953496909e+04	-1.58232675053404790333e+02	-2.67933199828955025623e+02	
 1.36004412017048234702e+04	 5.02883289258008007891e+04	 6.45624979897485536640e+04	-2.06686305333708296530e+04	-4.61642628615320063545e+04	 2.13771345233775587985e+05	-9.08041023315660640947e+03	 1.22456502340799033846e+00	 7.25847556134112892323e-01	 2.08796146169049734453e-01	 3.75788013790938180136e+00	 8.68364694893277544452e+00	 4.10058294590151888315e+01	 1.42284829448736758195e+02	 5.88298740908130525895e+02	 1.12320831029953496909e+04	 8.73360133074421319179e+04	-2.81045888865855090444e+02	-4.96132757001453114754e+02	
 7.46827249722961141742e+01	 8.85252442304458497802e+01	 6.78917300451362507374e+02	-1.76266236273422265413e+02	-3.71011031752015014717e+02	-9.95592513315636665538e+02	 8.73324051766947559372e+03	-7.59052289730540685753e+00	-7.35143423237468454090e+01	-5.95793109263198559233e+01	-7.73128730806714372648e+01	-6.71982927165828840543e+01	-6.04612865677257644847e+01	-6.82900186685234302786e+01	-6.75423447217825270172e+01	-1.58232675053404790333e+02	-2.81045888865855090444e+02	 1.75327071429393049584e+03	 2.82101860196838561023e+03	
 1.30144897113397803423e+02	 1.70870798158240233988e+02	 8.47338330715888332634e+02	-2.10502985682934706801e+02	-4.45635962600809875767e+02	-7.21654017263687933337e+02	 1.50050382964214040840e+04	-5.15441973898782634933e+00	-5.32488292828684706137e+01	-4.81530720169006158926e+01	-7.62884926271264021125e+01	-6.75346428646250558359e+01	-7.32950260652102372205e+01	-8.96359788633430838445e+01	-8.56565863772862314818e+01	-2.67933199828955025623e+02	-4.96132757001453114754e+02	 2.82101860196838561023e+03	 4.61908856415200807533e+03	
