#           wa_fld,           w0_fld,          Omega_b,                h,              n_s,           sigma8,     Omega_m_camb,           bias_1,           bias_2,           bias_3,           bias_4,           bias_5,           bias_6,           bias_7,           bias_8,           bias_9,          bias_10,              aIA,            etaIA
 1.30952239318723892211e+05	 6.14648690467429347336e+05	-1.34364882424857141450e+06	 3.17748393620590097271e+05	 3.18260565066483221017e+05	 2.92006720254521211609e+06	 5.28584716371301095933e+05	 1.64982853396420861827e+05	 1.70016161652317416156e+05	 1.49856243030107580125e+05	 1.48775891161276143976e+05	 1.39308441856616176665e+05	 1.37837580486086430028e+05	 1.16731783361423178576e+05	 1.25993857965018309187e+05	 1.10152057350296032382e+05	 7.09558197602297877893e+04	 3.97869278117128146732e+02	 5.83171626151194686827e+02	
 6.14648690467429347336e+05	 2.97293450541349174455e+06	-6.47293100683963671327e+06	 1.55329931756182899699e+06	 1.70866125754385394976e+06	 1.42673136222155354917e+07	 2.17516666011590138078e+06	 1.18691394344706321135e+06	 9.98442296856782631949e+05	 7.95453768772673560306e+05	 7.37349951999598648399e+05	 6.53478169211878674105e+05	 6.17119396803399780765e+05	 5.01502653780722583178e+05	 5.19831581486096547451e+05	 4.34955665249154786579e+05	 2.65987862822414375842e+05	 1.13008608136355724127e+03	 1.53725240571826270752e+03	
-1.34364882424857141450e+06	-6.47293100683963671327e+06	 2.07973066873277910054e+07	-5.05913186850008927286e+06	-6.22753201003389433026e+06	-3.69633275383543446660e+07	-1.31611644893490634859e+07	-2.58617870040712598711e+06	-2.10396267334747035056e+06	-1.66835725384857784957e+06	-1.56452509153159614652e+06	-1.42225753658025618643e+06	-1.38436062857110961340e+06	-1.16055210925294086337e+06	-1.23761178830240108073e+06	-1.05306152919380366802e+06	-6.06789682096674339846e+05	 2.68661832091880228290e+02	-2.99141703793341150686e+02	
 3.17748393620590097271e+05	 1.55329931756182899699e+06	-5.05913186850008927286e+06	 1.27118241709428257309e+06	 1.68505701457323017530e+06	 9.07957737100720219314e+06	 3.32712529123082570732e+06	 7.60293267725770012476e+05	 5.46558824739580741152e+05	 4.07604205971358343959e+05	 3.67630318842200562358e+05	 3.25970371906438726000e+05	 3.12492577449510805309e+05	 2.59925889400004060008e+05	 2.75942421873228857294e+05	 2.33399667002551548649e+05	 1.32575160311775864102e+05	-1.51729299727713453194e+02	-1.01737726395841523441e+01	
 3.18260565066483221017e+05	 1.70866125754385394976e+06	-6.22753201003389433026e+06	 1.68505701457323017530e+06	 2.79379544166612019762e+06	 1.10177914237863160670e+07	 4.40397420480954088271e+06	 1.56187521263854857534e+06	 8.93309823646712582558e+05	 5.52723971452882746235e+05	 4.16167660606474906672e+05	 3.07514393753938958980e+05	 2.45039615960971335880e+05	 1.70045351528955943650e+05	 1.48116490912542736623e+05	 9.48377918172085192055e+04	 2.88542270074281223060e+04	-8.56834101408687729418e+02	-8.69897970169064592483e+02	
 2.92006720254521211609e+06	 1.42673136222155354917e+07	-3.69633275383543446660e+07	 9.07957737100720219314e+06	 1.10177914237863160670e+07	 8.14542257829357981682e+07	 2.41954052683811262250e+07	 6.13232034816544782370e+06	 5.21374700503676943481e+06	 4.08570637537577794865e+06	 3.72351790624666027725e+06	 3.25499332490065135062e+06	 3.03215169570583477616e+06	 2.43543063784725591540e+06	 2.49431556256627012044e+06	 2.05721413679655315354e+06	 1.23632815528230275959e+06	 4.08829006277885014242e+02	 1.88198697047618293254e+03	
 5.28584716371301095933e+05	 2.17516666011590138078e+06	-1.31611644893490634859e+07	 3.32712529123082570732e+06	 4.40397420480954088271e+06	 2.41954052683811262250e+07	 2.02113889652009196579e+07	-8.31845239148915512487e+05	 4.01151986292874964420e+05	 6.06017585989641258493e+05	 7.10241599714625161141e+05	 7.45646407027218258008e+05	 7.92635208740810165182e+05	 7.06973380297192139551e+05	 7.93670542477413429879e+05	 7.11964588063595350832e+05	 4.44158331820549559779e+05	 1.72084178517638938501e+04	 3.01663454725448536919e+04	
 1.64982853396420861827e+05	 1.18691394344706321135e+06	-2.58617870040712598711e+06	 7.60293267725770012476e+05	 1.56187521263854857534e+06	 6.13232034816544782370e+06	-8.31845239148915512487e+05	 3.68002820609458163381e+06	 3.70577526201245840639e+05	 7.62528102996895540855e+03	 3.04815880753500641731e+03	 5.47403788348888042492e+02	 1.55334747265978279529e+02	 6.85711407173994444975e+01	 3.22329089963435677646e+01	 2.98498131845460079603e+00	 5.02792958795295419350e+00	 8.73483653828036921141e+01	 5.01477384113509714325e+01	
 1.70016161652317416156e+05	 9.98442296856782631949e+05	-2.10396267334747035056e+06	 5.46558824739580741152e+05	 8.93309823646712582558e+05	 5.21374700503676943481e+06	 4.01151986292874964420e+05	 3.70577526201245840639e+05	 1.92728565548210684210e+06	 3.60147944022676325403e+05	 9.47568013001942745177e+03	 2.39699358401579411293e+03	 3.88173770351274470158e+02	 3.04636785407597088238e+01	 1.26851056945764781858e+01	 1.73311685935928494473e+00	 1.78144190687845593857e+00	-3.06361311878481714643e+01	-3.10754965571572796534e+01	
 1.49856243030107580125e+05	 7.95453768772673560306e+05	-1.66835725384857784957e+06	 4.07604205971358343959e+05	 5.52723971452882746235e+05	 4.08570637537577794865e+06	 6.06017585989641258493e+05	 7.62528102996895540855e+03	 3.60147944022676325403e+05	 1.17120950589735619724e+06	 3.45317857529577915557e+05	 8.96349749976005477947e+03	 2.04686729216996263858e+03	 2.91945436394075443332e+02	 2.99751153265970273765e+01	 6.12422338758245388135e+00	 8.21047470150880087658e-01	 2.25136348019905341289e+01	 2.18200468722340445993e+01	
 1.48775891161276143976e+05	 7.37349951999598648399e+05	-1.56452509153159614652e+06	 3.67630318842200562358e+05	 4.16167660606474906672e+05	 3.72351790624666027725e+06	 7.10241599714625161141e+05	 3.04815880753500641731e+03	 9.47568013001942745177e+03	 3.45317857529577915557e+05	 9.58128005264072329737e+05	 3.05549415705375373363e+05	 1.08132345400197282288e+04	 1.81259540074740766613e+03	 2.45330713999070155751e+02	 1.78073244286591716445e+01	 4.93905904480618573871e+00	 7.69360327339726079998e+00	 6.83212911735860561890e+00	
 1.39308441856616176665e+05	 6.53478169211878674105e+05	-1.42225753658025618643e+06	 3.25970371906438726000e+05	 3.07514393753938958980e+05	 3.25499332490065135062e+06	 7.45646407027218258008e+05	 5.47403788348888042492e+02	 2.39699358401579411293e+03	 8.96349749976005477947e+03	 3.05549415705375373363e+05	 7.71857811692625982687e+05	 2.71152769239954533987e+05	 8.52804979414500849089e+03	 1.67957293312318006429e+03	 1.32696541391030820023e+02	 1.07935778837497906579e+01	-7.06911344170816668964e+00	-2.21747848856238860549e+00	
 1.37837580486086430028e+05	 6.17119396803399780765e+05	-1.38436062857110961340e+06	 3.12492577449510805309e+05	 2.45039615960971335880e+05	 3.03215169570583477616e+06	 7.92635208740810165182e+05	 1.55334747265978279529e+02	 3.88173770351274470158e+02	 2.04686729216996263858e+03	 1.08132345400197282288e+04	 2.71152769239954533987e+05	 7.09273076399529934861e+05	 2.33858381018474698067e+05	 1.18414417192475302727e+04	 1.03360738458913010618e+03	 7.35115494393812127782e+01	 3.83572081908978290699e+01	 4.05972911380151728622e+01	
 1.16731783361423178576e+05	 5.01502653780722583178e+05	-1.16055210925294086337e+06	 2.59925889400004060008e+05	 1.70045351528955943650e+05	 2.43543063784725591540e+06	 7.06973380297192139551e+05	 6.85711407173994444975e+01	 3.04636785407597088238e+01	 2.91945436394075443332e+02	 1.81259540074740766613e+03	 8.52804979414500849089e+03	 2.33858381018474698067e+05	 5.26530395970111130737e+05	 1.99015426377772819251e+05	 4.93138367803888650087e+03	 3.79220943195715562979e+02	 4.03755808706940371167e+01	 4.79912735292705292522e+01	
 1.25993857965018309187e+05	 5.19831581486096547451e+05	-1.23761178830240108073e+06	 2.75942421873228857294e+05	 1.48116490912542736623e+05	 2.49431556256627012044e+06	 7.93670542477413429879e+05	 3.22329089963435677646e+01	 1.26851056945764781858e+01	 2.99751153265970273765e+01	 2.45330713999070155751e+02	 1.67957293312318006429e+03	 1.18414417192475302727e+04	 1.99015426377772819251e+05	 6.18587811832748004235e+05	 1.51724781615258456441e+05	 2.76183706552335388551e+03	 5.78597610301304996483e+01	 8.64150331364906492126e+01	
 1.10152057350296032382e+05	 4.34955665249154786579e+05	-1.05306152919380366802e+06	 2.33399667002551548649e+05	 9.48377918172085192055e+04	 2.05721413679655315354e+06	 7.11964588063595350832e+05	 2.98498131845460079603e+00	 1.73311685935928494473e+00	 6.12422338758245388135e+00	 1.78073244286591716445e+01	 1.32696541391030820023e+02	 1.03360738458913010618e+03	 4.93138367803888650087e+03	 1.51724781615258456441e+05	 5.75372692520954413339e+05	 7.55635208998556190636e+04	-4.18732865433331795657e+01	-8.47926653869494373339e+01	
 7.09558197602297877893e+04	 2.65987862822414375842e+05	-6.06789682096674339846e+05	 1.32575160311775864102e+05	 2.88542270074281223060e+04	 1.23632815528230275959e+06	 4.44158331820549559779e+05	 5.02792958795295419350e+00	 1.78144190687845593857e+00	 8.21047470150880087658e-01	 4.93905904480618573871e+00	 1.07935778837497906579e+01	 7.35115494393812127782e+01	 3.79220943195715562979e+02	 2.76183706552335388551e+03	 7.55635208998556190636e+04	 3.99617136566069908440e+05	-2.51542133772958408144e+02	-4.39821846672549099821e+02	
 3.97869278117128146732e+02	 1.13008608136355724127e+03	 2.68661832091880228290e+02	-1.51729299727713453194e+02	-8.56834101408687729418e+02	 4.08829006277885014242e+02	 1.72084178517638938501e+04	 8.73483653828036921141e+01	-3.06361311878481714643e+01	 2.25136348019905341289e+01	 7.69360327339726079998e+00	-7.06911344170816668964e+00	 3.83572081908978290699e+01	 4.03755808706940371167e+01	 5.78597610301304996483e+01	-4.18732865433331795657e+01	-2.51542133772958408144e+02	 3.51931373431185056688e+03	 5.62742933149561122264e+03	
 5.83171626151194686827e+02	 1.53725240571826270752e+03	-2.99141703793341150686e+02	-1.01737726395841523441e+01	-8.69897970169064592483e+02	 1.88198697047618293254e+03	 3.01663454725448536919e+04	 5.01477384113509714325e+01	-3.10754965571572796534e+01	 2.18200468722340445993e+01	 6.83212911735860561890e+00	-2.21747848856238860549e+00	 4.05972911380151728622e+01	 4.79912735292705292522e+01	 8.64150331364906492126e+01	-8.47926653869494373339e+01	-4.39821846672549099821e+02	 5.62742933149561122264e+03	 9.19041733342839506804e+03	
