#           wa_fld,           w0_fld,          Omega_b,                h,              n_s,           sigma8,     Omega_m_camb,           bias_1,           bias_2,           bias_3,           bias_4,           bias_5,           bias_6,           bias_7,           bias_8,           bias_9,          bias_10,              aIA,            etaIA
 1.44739353530407024664e+04	 6.61521770365812990349e+04	 6.43843761074093163188e+03	-8.25544427944699782529e+03	-3.56628200584094593069e+04	 2.10624543948904203717e+05	-9.46094400532009603921e+04	 2.20909445193598148762e+04	 1.87318530516312166583e+04	 1.63331733477154521097e+04	 1.54832696538106683875e+04	 1.41115076110462578072e+04	 1.39760519803353745374e+04	 1.21220984110010358563e+04	 1.41782464088957658532e+04	 1.47517406109123148781e+04	 1.35251864885921149835e+04	 6.58583196148237846046e+01	 1.19718941625399949658e+02	
 6.61521770365812990349e+04	 3.17036862944234919269e+05	 7.30195549451343958935e+03	-3.34878662338633002946e+04	-1.59856338103214395232e+05	 1.00175140424279402941e+06	-5.42259132725252071396e+05	 1.65275062776820006547e+05	 1.09576479865694636828e+05	 8.43745910315911023645e+04	 7.41628816971639898838e+04	 6.37308223186905961484e+04	 6.02835215316596732009e+04	 5.03989250816756102722e+04	 5.70081617628129170043e+04	 5.72520507950825340231e+04	 5.03403659286333495402e+04	 5.07997424945406805818e+01	 1.23312901576829744954e+02	
 6.43843761074093163188e+03	 7.30195549451343958935e+03	 2.46299837791324686259e+06	-4.71870556205640896223e+05	-4.11134627004118345212e+05	-8.20806855469759088010e+05	-1.56506546005941741168e+06	-7.56584378121155896224e+04	-6.85289908012961095665e+04	-4.62846999664651084458e+04	-3.47358998926802014466e+04	-2.13746614657604877721e+04	-1.05568268291637377843e+04	 3.06707346468207651924e+03	 1.82164203364684108237e+04	 3.36536634436975436984e+04	 6.43327808091237384360e+04	 6.78753519850228258292e+02	 8.29390591924837281113e+02	
-8.25544427944699782529e+03	-3.34878662338633002946e+04	-4.71870556205640896223e+05	 1.03994909697088805842e+05	 1.15264903549599315738e+05	 5.76958489746022678446e+04	 3.64185349274902837351e+05	 7.94328290963169183669e+03	 5.92173460193476603308e+03	 2.12269395926649576722e+03	-1.63416051842310849906e+02	-2.50661864683286830768e+03	-5.05613754133133443247e+03	-7.14352531990875468182e+03	-1.14089274195906837122e+04	-1.58718451873481171788e+04	-2.05856745939402899239e+04	-1.79419071787229285064e+02	-2.09074416251380398535e+02	
-3.56628200584094593069e+04	-1.59856338103214395232e+05	-4.11134627004118345212e+05	 1.15264903549599315738e+05	 2.12788478400676249294e+05	-4.62836906524274381809e+05	 4.48495532606170629151e+05	-1.92459960278153885156e+04	-3.04184778812028089305e+04	-3.27099765386084363854e+04	-3.51494340922215051251e+04	-3.54421792171404522378e+04	-3.82224410112715413561e+04	-3.56981921465025661746e+04	-4.41261441393937275279e+04	-4.78640324520623253193e+04	-4.59084981033303265576e+04	-3.95120775090261702189e+02	-4.68131848462397783805e+02	
 2.10624543948904203717e+05	 1.00175140424279402941e+06	-8.20806855469759088010e+05	 5.76958489746022678446e+04	-4.62836906524274381809e+05	 7.26911188345440290868e+06	 2.35291484233857132494e+06	 5.56654281013205647469e+05	 4.24046364586868963670e+05	 3.16952435009739303496e+05	 2.84688345808332436718e+05	 2.51729487680319231004e+05	 2.44185881610610056669e+05	 2.09430471118968212977e+05	 2.40570277729845925933e+05	 2.42650829668814549223e+05	 2.12519456268093141261e+05	-9.27983006682175869173e+02	-5.45576725063301410046e+02	
-9.46094400532009603921e+04	-5.42259132725252071396e+05	-1.56506546005941741168e+06	 3.64185349274902837351e+05	 4.48495532606170629151e+05	 2.35291484233857132494e+06	 5.94003581379537843168e+06	-6.38055673152746167034e+05	-1.59897020148329116637e+05	-7.96425892270039767027e+04	-4.39371451715647563105e+04	-2.09941979723456315696e+04	-9.57949546514935536834e+03	-2.75829416148375275952e+03	-7.37258273712725213045e+02	-2.47033639223934460460e+03	-1.12888275394837164640e+04	 9.20332077773572564183e+03	 1.60111736744236004597e+04	
 2.20909445193598148762e+04	 1.65275062776820006547e+05	-7.56584378121155896224e+04	 7.94328290963169183669e+03	-1.92459960278153885156e+04	 5.56654281013205647469e+05	-6.38055673152746167034e+05	 5.06561320905540720560e+05	 4.30871451693142880686e+04	 4.75911772277780471541e+02	 6.43458285619414937173e+02	 1.21419902597100985986e+01	 4.28239053634821971173e+01	 4.97225607086636500753e+00	 3.58947949471073002314e+00	-1.72368827113018596719e-02	 1.33621310787077618443e+00	-7.31053314042695134845e+00	-3.69651427528648923726e+00	
 1.87318530516312166583e+04	 1.09576479865694636828e+05	-6.85289908012961095665e+04	 5.92173460193476603308e+03	-3.04184778812028089305e+04	 4.24046364586868963670e+05	-1.59897020148329116637e+05	 4.30871451693142880686e+04	 2.30119650352874654345e+05	 3.22538319904603558825e+04	 4.06572811663489517287e+01	 7.01214798540868514465e+02	-2.20319464624973875289e+01	 2.14343963570142932440e+01	 5.72499660449354053071e+00	 9.12532107593619912222e-02	 8.68000285536581372980e-01	-6.53540309294999275380e+01	-4.81514441150521221857e+01	
 1.63331733477154521097e+04	 8.43745910315911023645e+04	-4.62846999664651084458e+04	 2.12269395926649576722e+03	-3.27099765386084363854e+04	 3.16952435009739303496e+05	-7.96425892270039767027e+04	 4.75911772277780471541e+02	 3.22538319904603558825e+04	 1.52465042718664102722e+05	 3.29754327552884496981e+04	-1.69622113074739814920e+02	 5.60998160484592403918e+02	 1.31126922243707255689e+01	 4.24705733126978657310e+00	 5.27051571824753750661e+00	 3.02535432755064448429e-02	-7.46859024556043209486e+01	-6.15234592128144299750e+01	
 1.54832696538106683875e+04	 7.41628816971639898838e+04	-3.47358998926802014466e+04	-1.63416051842310849906e+02	-3.51494340922215051251e+04	 2.84688345808332436718e+05	-4.39371451715647563105e+04	 6.43458285619414937173e+02	 4.06572811663489517287e+01	 3.29754327552884496981e+04	 1.22837440341899316991e+05	 2.95880793567880136834e+04	 1.92716197716223177849e+02	 4.00714039246654806448e+02	 5.10951291288721662909e+01	 6.55816761327729125242e+00	 3.89944098977413489138e+00	-1.26363680572959566462e+02	-1.20750665915566202102e+02	
 1.41115076110462578072e+04	 6.37308223186905961484e+04	-2.13746614657604877721e+04	-2.50661864683286830768e+03	-3.54421792171404522378e+04	 2.51729487680319231004e+05	-2.09941979723456315696e+04	 1.21419902597100985986e+01	 7.01214798540868514465e+02	-1.69622113074739814920e+02	 2.95880793567880136834e+04	 9.93835549533318844624e+04	 2.67648217379962443374e+04	 4.31007096355049156955e+02	 3.45867458544424266620e+02	 5.75752492103139417168e+01	 7.56719455254844319825e+00	-8.63939137330204971477e+01	-8.71233821710485614176e+01	
 1.39760519803353745374e+04	 6.02835215316596732009e+04	-1.05568268291637377843e+04	-5.05613754133133443247e+03	-3.82224410112715413561e+04	 2.44185881610610056669e+05	-9.57949546514935536834e+03	 4.28239053634821971173e+01	-2.20319464624973875289e+01	 5.60998160484592403918e+02	 1.92716197716223177849e+02	 2.67648217379962443374e+04	 9.31052829076314083068e+04	 2.36101042790103929292e+04	 9.59822333058625872582e+02	 2.72295664199602242661e+02	 4.89137264802424311938e+01	-4.59177504398452924761e+01	-5.66653545435817136422e+01	
 1.21220984110010358563e+04	 5.03989250816756102722e+04	 3.06707346468207651924e+03	-7.14352531990875468182e+03	-3.56981921465025661746e+04	 2.09430471118968212977e+05	-2.75829416148375275952e+03	 4.97225607086636500753e+00	 2.14343963570142932440e+01	 1.31126922243707255689e+01	 4.00714039246654806448e+02	 4.31007096355049156955e+02	 2.36101042790103929292e+04	 7.40127222359474835685e+04	 1.97256432672814407852e+04	 6.90577979662688221651e+02	 1.14334884307371027035e+02	-3.42551738892471462350e+01	-4.63680409336419927513e+01	
 1.41782464088957658532e+04	 5.70081617628129170043e+04	 1.82164203364684108237e+04	-1.14089274195906837122e+04	-4.41261441393937275279e+04	 2.40570277729845925933e+05	-7.37258273712725213045e+02	 3.58947949471073002314e+00	 5.72499660449354053071e+00	 4.24705733126978657310e+00	 5.10951291288721662909e+01	 3.45867458544424266620e+02	 9.59822333058625872582e+02	 1.97256432672814407852e+04	 9.20031672414738131920e+04	 1.63377729488102486357e+04	 6.11016739401485665439e+02	-3.57816549125286869071e+01	-4.32669037835990195617e+01	
 1.47517406109123148781e+04	 5.72520507950825340231e+04	 3.36536634436975436984e+04	-1.58718451873481171788e+04	-4.78640324520623253193e+04	 2.42650829668814549223e+05	-2.47033639223934460460e+03	-1.72368827113018596719e-02	 9.12532107593619912222e-02	 5.27051571824753750661e+00	 6.55816761327729125242e+00	 5.75752492103139417168e+01	 2.72295664199602242661e+02	 6.90577979662688221651e+02	 1.63377729488102486357e+04	 9.52318918597414012766e+04	 1.11915160698602594493e+04	-1.47931975746042667197e+02	-2.52868653750868759289e+02	
 1.35251864885921149835e+04	 5.03403659286333495402e+04	 6.43327808091237384360e+04	-2.05856745939402899239e+04	-4.59084981033303265576e+04	 2.12519456268093141261e+05	-1.12888275394837164640e+04	 1.33621310787077618443e+00	 8.68000285536581372980e-01	 3.02535432755064448429e-02	 3.89944098977413489138e+00	 7.56719455254844319825e+00	 4.89137264802424311938e+01	 1.14334884307371027035e+02	 6.11016739401485665439e+02	 1.11915160698602594493e+04	 8.68526163775382883614e+04	-3.59209857616938279534e+02	-6.33085279296726298526e+02	
 6.58583196148237846046e+01	 5.07997424945406805818e+01	 6.78753519850228258292e+02	-1.79419071787229285064e+02	-3.95120775090261702189e+02	-9.27983006682175869173e+02	 9.20332077773572564183e+03	-7.31053314042695134845e+00	-6.53540309294999275380e+01	-7.46859024556043209486e+01	-1.26363680572959566462e+02	-8.63939137330204971477e+01	-4.59177504398452924761e+01	-3.42551738892471462350e+01	-3.57816549125286869071e+01	-1.47931975746042667197e+02	-3.59209857616938279534e+02	 1.81466188025761721292e+03	 2.95422390036174147099e+03	
 1.19718941625399949658e+02	 1.23312901576829744954e+02	 8.29390591924837281113e+02	-2.09074416251380398535e+02	-4.68131848462397783805e+02	-5.45576725063301410046e+02	 1.60111736744236004597e+04	-3.69651427528648923726e+00	-4.81514441150521221857e+01	-6.15234592128144299750e+01	-1.20750665915566202102e+02	-8.71233821710485614176e+01	-5.66653545435817136422e+01	-4.63680409336419927513e+01	-4.32669037835990195617e+01	-2.52868653750868759289e+02	-6.33085279296726298526e+02	 2.95422390036174147099e+03	 4.89183564704715263360e+03	
