#           wa_fld,           w0_fld,          Omega_b,                h,              n_s,           sigma8,     Omega_m_camb,           bias_1,           bias_2,           bias_3,           bias_4,           bias_5,           bias_6,           bias_7,           bias_8,           bias_9,          bias_10,              aIA,            etaIA
 1.31088207517987058964e+05	 6.14506777146303677000e+05	-1.34316753424621745944e+06	 3.17640402149056899361e+05	 3.18724820790283149108e+05	 2.91994745305571518838e+06	 5.27531297764567891136e+05	 1.64824175493869610364e+05	 1.70262905821788008325e+05	 1.50070133017347863642e+05	 1.48875223564680258278e+05	 1.39358462172629369888e+05	 1.37940182590320589952e+05	 1.16810375549405827769e+05	 1.25998474632994955755e+05	 1.10179762324430193985e+05	 7.09876760850489226868e+04	 3.97957714733437057930e+02	 5.83300892294324171417e+02	
 6.14506777146303677000e+05	 2.97703326655968232080e+06	-6.46704739268632046878e+06	 1.55208786918675247580e+06	 1.70849213829985843040e+06	 1.42677102849041335285e+07	 2.17147775171024771407e+06	 1.18913334852916561067e+06	 9.99839555163558805361e+05	 7.96457752259203698486e+05	 7.38389761293061776087e+05	 6.54119837859048508108e+05	 6.17397838814226444811e+05	 5.01505279863508010749e+05	 5.19627001393779122736e+05	 4.34714627774599939585e+05	 2.65890303808709082659e+05	 1.12944052274430214311e+03	 1.53648697405319171594e+03	
-1.34316753424621745944e+06	-6.46704739268632046878e+06	 2.07709154305888116360e+07	-5.05600110166965238750e+06	-6.23008199798776023090e+06	-3.69538321028974503279e+07	-1.31496641247472055256e+07	-2.58127012314748298377e+06	-2.10328226557100471109e+06	-1.66930857813987066038e+06	-1.56545424284704355523e+06	-1.42190804330454044975e+06	-1.38242026032271329314e+06	-1.15877065049088676460e+06	-1.23680316521146264859e+06	-1.05268840374419419095e+06	-6.06590783374075079337e+05	 2.68525329855484017116e+02	-2.98975139447422236572e+02	
 3.17640402149056899361e+05	 1.55208786918675247580e+06	-5.05600110166965238750e+06	 1.27006763882385753095e+06	 1.68426481163343577646e+06	 9.07191162780111096799e+06	 3.32389961796221882105e+06	 7.60372181904375087470e+05	 5.46135849848771002144e+05	 4.07645157467814977281e+05	 3.67887621291995630600e+05	 3.25999472599909175187e+05	 3.12069704363542492501e+05	 2.59291866153923998354e+05	 2.75312069906263379380e+05	 2.33194640161446295679e+05	 1.32576578424865292618e+05	-1.51989889043005888425e+02	-1.04401471390115574422e+01	
 3.18724820790283149108e+05	 1.70849213829985843040e+06	-6.23008199798776023090e+06	 1.68426481163343577646e+06	 2.78989771307033672929e+06	 1.10150251855597421527e+07	 4.40337654703914932907e+06	 1.56078409516453905962e+06	 8.91431864294136525132e+05	 5.51674827801239327528e+05	 4.16196533893758256454e+05	 3.08049854641667334363e+05	 2.45571951680905534886e+05	 1.70066355603848001920e+05	 1.47666285429340612609e+05	 9.47427003928334888769e+04	 2.88864590630413295003e+04	-8.56497746032419740914e+02	-8.69612715155639307341e+02	
 2.91994745305571518838e+06	 1.42677102849041335285e+07	-3.69538321028974503279e+07	 9.07191162780111096799e+06	 1.10150251855597421527e+07	 8.14211416581157743931e+07	 2.42162054031043052673e+07	 6.12603275975282303989e+06	 5.20673352407819777727e+06	 4.08449365571945067495e+06	 3.72546609714577347040e+06	 3.25847503060118015856e+06	 3.03417668879330391064e+06	 2.43480528865778492764e+06	 2.49294997133323643357e+06	 2.05805499392656376585e+06	 1.23662822781288484111e+06	 4.09879451220890700824e+02	 1.88329074827037538853e+03	
 5.27531297764567891136e+05	 2.17147775171024771407e+06	-1.31496641247472055256e+07	 3.32389961796221882105e+06	 4.40337654703914932907e+06	 2.42162054031043052673e+07	 2.02039427010942474008e+07	-8.34117364003785653040e+05	 4.01950956370989559218e+05	 6.07416577810990740545e+05	 7.09549532093832618557e+05	 7.43267068036034354009e+05	 7.89941859833983704448e+05	 7.05474711742149200290e+05	 7.93324650500618619844e+05	 7.12252271984697086737e+05	 4.44167218543028342538e+05	 1.72053623063152917894e+04	 3.01641766755716416810e+04	
 1.64824175493869610364e+05	 1.18913334852916561067e+06	-2.58127012314748298377e+06	 7.60372181904375087470e+05	 1.56078409516453905962e+06	 6.12603275975282303989e+06	-8.34117364003785653040e+05	 3.68037900682049943134e+06	 3.70601277734481205698e+05	 7.62465516256080991297e+03	 3.04841851071132532525e+03	 5.47509719218790223749e+02	 1.55148423727682938988e+02	 6.86430852729373128795e+01	 3.21455481612451947626e+01	 3.10649708740135110929e+00	 4.97848291899587280795e+00	 8.73674317127494646229e+01	 5.01622640947175000292e+01	
 1.70262905821788008325e+05	 9.99839555163558805361e+05	-2.10328226557100471109e+06	 5.46135849848771002144e+05	 8.91431864294136525132e+05	 5.20673352407819777727e+06	 4.01950956370989559218e+05	 3.70601277734481205698e+05	 1.92743380791486217640e+06	 3.60159786898786434904e+05	 9.47580141248257132247e+03	 2.39718890679984451708e+03	 3.88281932877611779986e+02	 3.04658334529152696746e+01	 1.27949900700103533779e+01	 1.72672610767764922457e+00	 1.78579323541028855971e+00	-3.06281409739177519214e+01	-3.10809258186635588572e+01	
 1.50070133017347863642e+05	 7.96457752259203698486e+05	-1.66930857813987066038e+06	 4.07645157467814977281e+05	 5.51674827801239327528e+05	 4.08449365571945067495e+06	 6.07416577810990740545e+05	 7.62465516256080991297e+03	 3.60159786898786434904e+05	 1.17128865356300072744e+06	 3.45331872102619789075e+05	 8.96361964778957553790e+03	 2.04690945430793703963e+03	 2.92078144608823095041e+02	 3.00059505586498502794e+01	 6.08898920807322951987e+00	 8.27607789020891715381e-01	 2.25423138359794847929e+01	 2.18462550726562767522e+01	
 1.48875223564680258278e+05	 7.38389761293061776087e+05	-1.56545424284704355523e+06	 3.67887621291995630600e+05	 4.16196533893758256454e+05	 3.72546609714577347040e+06	 7.09549532093832618557e+05	 3.04841851071132532525e+03	 9.47580141248257132247e+03	 3.45331872102619789075e+05	 9.58183015063778497279e+05	 3.05561051754681102466e+05	 1.08131651258597885317e+04	 1.81268409143297253650e+03	 2.45373916207121425259e+02	 1.78136070709095015729e+01	 4.98905975738790630203e+00	 7.73497329237873376684e+00	 6.86362793599590759186e+00	
 1.39358462172629369888e+05	 6.54119837859048508108e+05	-1.42190804330454044975e+06	 3.25999472599909175187e+05	 3.08049854641667334363e+05	 3.25847503060118015856e+06	 7.43267068036034354009e+05	 5.47509719218790223749e+02	 2.39718890679984451708e+03	 8.96361964778957553790e+03	 3.05561051754681102466e+05	 7.71896300982614862733e+05	 2.71162629928057198413e+05	 8.52807249086726005771e+03	 1.67966110162058612332e+03	 1.32694376157169585895e+02	 1.08048953971797949691e+01	-7.05206618906013460446e+00	-2.19634242914781907530e+00	
 1.37940182590320589952e+05	 6.17397838814226444811e+05	-1.38242026032271329314e+06	 3.12069704363542492501e+05	 2.45571951680905534886e+05	 3.03417668879330391064e+06	 7.89941859833983704448e+05	 1.55148423727682938988e+02	 3.88281932877611779986e+02	 2.04690945430793703963e+03	 1.08131651258597885317e+04	 2.71162629928057198413e+05	 7.09306961562543059699e+05	 2.33867457601893780520e+05	 1.18415122420404404693e+04	 1.03362924434144360930e+03	 7.35042334310732456970e+01	 3.83728502796531643071e+01	 4.06140274870056998680e+01	
 1.16810375549405827769e+05	 5.01505279863508010749e+05	-1.15877065049088676460e+06	 2.59291866153923998354e+05	 1.70066355603848001920e+05	 2.43480528865778492764e+06	 7.05474711742149200290e+05	 6.86430852729373128795e+01	 3.04658334529152696746e+01	 2.92078144608823095041e+02	 1.81268409143297253650e+03	 8.52807249086726005771e+03	 2.33867457601893780520e+05	 5.26555216655040741898e+05	 1.99023230502553342376e+05	 4.93147407589710837783e+03	 3.79228850486854867086e+02	 4.03910702657371700752e+01	 4.80109086343085493809e+01	
 1.25998474632994955755e+05	 5.19627001393779122736e+05	-1.23680316521146264859e+06	 2.75312069906263379380e+05	 1.47666285429340612609e+05	 2.49294997133323643357e+06	 7.93324650500618619844e+05	 3.21455481612451947626e+01	 1.27949900700103533779e+01	 3.00059505586498502794e+01	 2.45373916207121425259e+02	 1.67966110162058612332e+03	 1.18415122420404404693e+04	 1.99023230502553342376e+05	 6.18615763645292259753e+05	 1.51730565588048018981e+05	 2.76189082406423949578e+03	 5.78676551559733383101e+01	 8.64193591533531844107e+01	
 1.10179762324430193985e+05	 4.34714627774599939585e+05	-1.05268840374419419095e+06	 2.33194640161446295679e+05	 9.47427003928334888769e+04	 2.05805499392656376585e+06	 7.12252271984697086737e+05	 3.10649708740135110929e+00	 1.72672610767764922457e+00	 6.08898920807322951987e+00	 1.78136070709095015729e+01	 1.32694376157169585895e+02	 1.03362924434144360930e+03	 4.93147407589710837783e+03	 1.51730565588048018981e+05	 5.75398887260249466635e+05	 7.55666619568998721661e+04	-4.18210775667924394838e+01	-8.47441094859785550852e+01	
 7.09876760850489226868e+04	 2.65890303808709082659e+05	-6.06590783374075079337e+05	 1.32576578424865292618e+05	 2.88864590630413295003e+04	 1.23662822781288484111e+06	 4.44167218543028342538e+05	 4.97848291899587280795e+00	 1.78579323541028855971e+00	 8.27607789020891715381e-01	 4.98905975738790630203e+00	 1.08048953971797949691e+01	 7.35042334310732456970e+01	 3.79228850486854867086e+02	 2.76189082406423949578e+03	 7.55666619568998721661e+04	 3.99633982195807038806e+05	-2.51426900484031676797e+02	-4.39699413363570045021e+02	
 3.97957714733437057930e+02	 1.12944052274430214311e+03	 2.68525329855484017116e+02	-1.51989889043005888425e+02	-8.56497746032419740914e+02	 4.09879451220890700824e+02	 1.72053623063152917894e+04	 8.73674317127494646229e+01	-3.06281409739177519214e+01	 2.25423138359794847929e+01	 7.73497329237873376684e+00	-7.05206618906013460446e+00	 3.83728502796531643071e+01	 4.03910702657371700752e+01	 5.78676551559733383101e+01	-4.18210775667924394838e+01	-2.51426900484031676797e+02	 3.51908713291660887990e+03	 5.62730353536978054763e+03	
 5.83300892294324171417e+02	 1.53648697405319171594e+03	-2.98975139447422236572e+02	-1.04401471390115574422e+01	-8.69612715155639307341e+02	 1.88329074827037538853e+03	 3.01641766755716416810e+04	 5.01622640947175000292e+01	-3.10809258186635588572e+01	 2.18462550726562767522e+01	 6.86362793599590759186e+00	-2.19634242914781907530e+00	 4.06140274870056998680e+01	 4.80109086343085493809e+01	 8.64193591533531844107e+01	-8.47441094859785550852e+01	-4.39699413363570045021e+02	 5.62730353536978054763e+03	 9.18995068307481960801e+03	
