#           wa_fld,           w0_fld,          Omega_b,                h,              n_s,           sigma8,     Omega_m_camb,           bias_1,           bias_2,           bias_3,           bias_4,           bias_5,           bias_6,           bias_7,           bias_8,           bias_9,          bias_10,              aIA,            etaIA
 1.31088207496266317321e+05	 6.14506776911251246929e+05	-1.34316753720168676227e+06	 3.17640402166803076398e+05	 3.18724820844284957275e+05	 2.91994745081653492525e+06	 5.27531296109183691442e+05	 1.64824175156452867668e+05	 1.70262906174766772892e+05	 1.50070132732330384897e+05	 1.48875222821501258295e+05	 1.39358462331073824316e+05	 1.37940182594533544034e+05	 1.16810375763992720749e+05	 1.25998474163269915152e+05	 1.10179761480791028589e+05	 7.09876765846106281970e+04	 3.97957730301440449239e+02	 5.83300909009019846962e+02	
 6.14506776911251246929e+05	 2.97703326448209583759e+06	-6.46704738835243042558e+06	 1.55208786987940734252e+06	 1.70849213046958367340e+06	 1.42677102922298964113e+07	 2.17147774274533148855e+06	 1.18913335572038637474e+06	 9.99839550816551432945e+05	 7.96457751212727976963e+05	 7.38389755827630637214e+05	 6.54119839880818966776e+05	 6.17397835312441224232e+05	 5.01505279247225378640e+05	 5.19626996750462451018e+05	 4.34714628235585056245e+05	 2.65890305417088617105e+05	 1.12944034759630653753e+03	 1.53648686721093463348e+03	
-1.34316753720168676227e+06	-6.46704738835243042558e+06	 2.07709153043167255819e+07	-5.05600111109322868288e+06	-6.23008199972591549158e+06	-3.69538321248421967030e+07	-1.31496640110991541296e+07	-2.58127005526556354016e+06	-2.10328227233083918691e+06	-1.66930860056978370994e+06	-1.56545425951932789758e+06	-1.42190806631234101951e+06	-1.38242030660513835028e+06	-1.15877065393950417638e+06	-1.23680316685342090204e+06	-1.05268844080831529573e+06	-6.06590772074683802202e+05	 2.68526636321796900120e+02	-2.98976691984768365273e+02	
 3.17640402166803076398e+05	 1.55208786987940734252e+06	-5.05600111109322868288e+06	 1.27006763598994282074e+06	 1.68426482245645858347e+06	 9.07191162643399834633e+06	 3.32389963675107667223e+06	 7.60372179257210460491e+05	 5.46135862942232517526e+05	 4.07645153775565093383e+05	 3.67887615858082252089e+05	 3.25999470799991744570e+05	 3.12069703953357937280e+05	 2.59291863558812823612e+05	 2.75312062515401165001e+05	 2.33194641642690956360e+05	 1.32576573594276851509e+05	-1.51990226072892909315e+02	-1.04398374497446866371e+01	
 3.18724820844284957275e+05	 1.70849213046958367340e+06	-6.23008199972591549158e+06	 1.68426482245645858347e+06	 2.78989764683948270977e+06	 1.10150251669062171131e+07	 4.40337655600835196674e+06	 1.56078413316975417547e+06	 8.91431858014164259657e+05	 5.51674826750771957450e+05	 4.16196533629590529017e+05	 3.08049876035271678120e+05	 2.45571960152905317955e+05	 1.70066346189381496515e+05	 1.47666274721254303586e+05	 9.47426970037582796067e+04	 2.88864575520507423789e+04	-8.56498325923421361949e+02	-8.69612375032783347706e+02	
 2.91994745081653492525e+06	 1.42677102922298964113e+07	-3.69538321248421967030e+07	 9.07191162643399834633e+06	 1.10150251669062171131e+07	 8.14211417777127921581e+07	 2.42162054144150428474e+07	 6.12603275063587538898e+06	 5.20673356427961029112e+06	 4.08449362425196357071e+06	 3.72546618407588219270e+06	 3.25847505546948499978e+06	 3.03417668931360263377e+06	 2.43480525411765323952e+06	 2.49294998695081984624e+06	 2.05805501074513653293e+06	 1.23662824315681494772e+06	 4.09878730898924459325e+02	 1.88328736182785905839e+03	
 5.27531296109183691442e+05	 2.17147774274533148855e+06	-1.31496640110991541296e+07	 3.32389963675107667223e+06	 4.40337655600835196674e+06	 2.42162054144150428474e+07	 2.02039428017846345901e+07	-8.34117454480586107820e+05	 4.01950951116934244055e+05	 6.07416486045382102020e+05	 7.09549499761549523100e+05	 7.43267013249082025141e+05	 7.89941854966808576137e+05	 7.05474701880828710273e+05	 7.93324635969282127917e+05	 7.12252271814031293616e+05	 4.44167259552491595969e+05	 1.72053646775654524390e+04	 3.01641759434946725378e+04	
 1.64824175156452867668e+05	 1.18913335572038637474e+06	-2.58127005526556354016e+06	 7.60372179257210460491e+05	 1.56078413316975417547e+06	 6.12603275063587538898e+06	-8.34117454480586107820e+05	 3.68037907461133180186e+06	 3.70601265826994960662e+05	 7.62464432779538765317e+03	 3.04846212420258052589e+03	 5.47554238594270827889e+02	 1.55173889024847085238e+02	 6.86646074220422235612e+01	 3.21356498456333028457e+01	 3.07544328996904425821e+00	 4.99666785815392699988e+00	 8.73684928150822486259e+01	 5.01618495813253844062e+01	
 1.70262906174766772892e+05	 9.99839550816551432945e+05	-2.10328227233083918691e+06	 5.46135862942232517526e+05	 8.91431858014164259657e+05	 5.20673356427961029112e+06	 4.01950951116934244055e+05	 3.70601265826994960662e+05	 1.92743377165077347308e+06	 3.60159767189544974826e+05	 9.47581991416863820632e+03	 2.39718279991334247825e+03	 3.88268954772365134431e+02	 3.04659583085277319014e+01	 1.27677436862232909220e+01	 1.74833864282443585125e+00	 1.75987049609946666351e+00	-3.06293731299202249829e+01	-3.10797301403557639787e+01	
 1.50070132732330384897e+05	 7.96457751212727976963e+05	-1.66930860056978370994e+06	 4.07645153775565093383e+05	 5.51674826750771957450e+05	 4.08449362425196357071e+06	 6.07416486045382102020e+05	 7.62464432779538765317e+03	 3.60159767189544974826e+05	 1.17128848014048906043e+06	 3.45331888089536863845e+05	 8.96361188763052086870e+03	 2.04693002481332746356e+03	 2.92100873561829985192e+02	 2.99902481933859732521e+01	 6.09608894218983721203e+00	 8.50771473560389068780e-01	 2.25429457759646894033e+01	 2.18453988117136645997e+01	
 1.48875222821501258295e+05	 7.38389755827630637214e+05	-1.56545425951932789758e+06	 3.67887615858082252089e+05	 4.16196533629590529017e+05	 3.72546618407588219270e+06	 7.09549499761549523100e+05	 3.04846212420258052589e+03	 9.47581991416863820632e+03	 3.45331888089536863845e+05	 9.58182990880712517537e+05	 3.05561063226484577172e+05	 1.08131845809064179775e+04	 1.81271012267795276784e+03	 2.45386741672993878183e+02	 1.78221177157337322683e+01	 4.97875771403990796671e+00	 7.73426203413069401904e+00	 6.86349274884150872822e+00	
 1.39358462331073824316e+05	 6.54119839880818966776e+05	-1.42190806631234101951e+06	 3.25999470799991744570e+05	 3.08049876035271678120e+05	 3.25847505546948499978e+06	 7.43267013249082025141e+05	 5.47554238594270827889e+02	 2.39718279991334247825e+03	 8.96361188763052086870e+03	 3.05561063226484577172e+05	 7.71896264481497579254e+05	 2.71162646181251271628e+05	 8.52808510837042922503e+03	 1.67967554062019894445e+03	 1.32687531078970550880e+02	 1.08033688492233999057e+01	-7.05219867883029039035e+00	-2.19606849213477062222e+00	
 1.37940182594533544034e+05	 6.17397835312441224232e+05	-1.38242030660513835028e+06	 3.12069703953357937280e+05	 2.45571960152905317955e+05	 3.03417668931360263377e+06	 7.89941854966808576137e+05	 1.55173889024847085238e+02	 3.88268954772365134431e+02	 2.04693002481332746356e+03	 1.08131845809064179775e+04	 2.71162646181251271628e+05	 7.09306936346781789325e+05	 2.33867474528670660220e+05	 1.18415105650593995961e+04	 1.03361367722560908078e+03	 7.35121334272103723606e+01	 3.83733387577056959117e+01	 4.06111950596356052756e+01	
 1.16810375763992720749e+05	 5.01505279247225378640e+05	-1.15877065393950417638e+06	 2.59291863558812823612e+05	 1.70066346189381496515e+05	 2.43480525411765323952e+06	 7.05474701880828710273e+05	 6.86646074220422235612e+01	 3.04659583085277319014e+01	 2.92100873561829985192e+02	 1.81271012267795276784e+03	 8.52808510837042922503e+03	 2.33867474528670660220e+05	 5.26555240448181866668e+05	 1.99023238830260845134e+05	 4.93145700735305035778e+03	 3.79225288680406151798e+02	 4.03915404248755933736e+01	 4.80112176598108817416e+01	
 1.25998474163269915152e+05	 5.19626996750462451018e+05	-1.23680316685342090204e+06	 2.75312062515401165001e+05	 1.47666274721254303586e+05	 2.49294998695081984624e+06	 7.93324635969282127917e+05	 3.21356498456333028457e+01	 1.27677436862232909220e+01	 2.99902481933859732521e+01	 2.45386741672993878183e+02	 1.67967554062019894445e+03	 1.18415105650593995961e+04	 1.99023238830260845134e+05	 6.18615763983845710754e+05	 1.51730552371744124684e+05	 2.76187741075086387355e+03	 5.78676747001824480776e+01	 8.64210098530049322108e+01	
 1.10179761480791028589e+05	 4.34714628235585056245e+05	-1.05268844080831529573e+06	 2.33194641642690956360e+05	 9.47426970037582796067e+04	 2.05805501074513653293e+06	 7.12252271814031293616e+05	 3.07544328996904425821e+00	 1.74833864282443585125e+00	 6.09608894218983721203e+00	 1.78221177157337322683e+01	 1.32687531078970550880e+02	 1.03361367722560908078e+03	 4.93145700735305035778e+03	 1.51730552371744124684e+05	 5.75398890333442715928e+05	 7.55666575386402837466e+04	-4.18207620110717357420e+01	-8.47440433243749282610e+01	
 7.09876765846106281970e+04	 2.65890305417088617105e+05	-6.06590772074683802202e+05	 1.32576573594276851509e+05	 2.88864575520507423789e+04	 1.23662824315681494772e+06	 4.44167259552491595969e+05	 4.99666785815392699988e+00	 1.75987049609946666351e+00	 8.50771473560389068780e-01	 4.97875771403990796671e+00	 1.08033688492233999057e+01	 7.35121334272103723606e+01	 3.79225288680406151798e+02	 2.76187741075086387355e+03	 7.55666575386402837466e+04	 3.99633974442375765648e+05	-2.51427188764514738750e+02	-4.39699740182638834085e+02	
 3.97957730301440449239e+02	 1.12944034759630653753e+03	 2.68526636321796900120e+02	-1.51990226072892909315e+02	-8.56498325923421361949e+02	 4.09878730898924459325e+02	 1.72053646775654524390e+04	 8.73684928150822486259e+01	-3.06293731299202249829e+01	 2.25429457759646894033e+01	 7.73426203413069401904e+00	-7.05219867883029039035e+00	 3.83733387577056959117e+01	 4.03915404248755933736e+01	 5.78676747001824480776e+01	-4.18207620110717357420e+01	-2.51427188764514738750e+02	 3.51908724246498286448e+03	 5.62730359786627923313e+03	
 5.83300909009019846962e+02	 1.53648686721093463348e+03	-2.98976691984768365273e+02	-1.04398374497446866371e+01	-8.69612375032783347706e+02	 1.88328736182785905839e+03	 3.01641759434946725378e+04	 5.01618495813253844062e+01	-3.10797301403557639787e+01	 2.18453988117136645997e+01	 6.86349274884150872822e+00	-2.19606849213477062222e+00	 4.06111950596356052756e+01	 4.80112176598108817416e+01	 8.64210098530049322108e+01	-8.47440433243749282610e+01	-4.39699740182638834085e+02	 5.62730359786627923313e+03	 9.18995100197685678722e+03	
