#
# This file contains a Fisher matrix created with the CosmicFish code.
#
# The parameters of this Fisher matrix are:
#
#    1    wa    w_a    0.0
#    2    w0    w_0    -1.0
#    3    Omegab    \Omega_{\mathrm{b}, 0}    0.05
#    4    h    h    0.67
#    5    ns    n_\mathrm{s}    0.96
#    6    sigma8    \sigma_8    0.815584
#    7    Omegam    \Omega_{\mathrm{m}, 0}    0.32
#    8    b1    b_1    1.0998
#    9    b2    b_2    1.2202
#    10    b3    b_3    1.2724
#    11    b4    b_4    1.3166
#    12    b5    b_5    1.3581
#    13    b6    b_6    1.3998
#    14    b7    b_7    1.4446
#    15    b8    b_8    1.4965
#    16    b9    b_9    1.5652
#    17    b10    b_10    1.743
#    18    AIA    A_\mathrm{IA}    1.72
#    19    etaIA    \eta_mathrm{IA}    -0.41
#    20    Ps_1    Ps_1    0.0
#    21    Ps_2    Ps_2    0.0
#    22    Ps_3    Ps_3    0.0
#    23    Ps_4    Ps_4    0.0
#    24    lnbgs8_1    lnbgs8_1    -0.3255807310587479
#    25    lnbgs8_2    lnbgs8_2    -0.3160462157381254
#    26    lnbgs8_3    lnbgs8_3    -0.3116576878035215
#    27    lnbgs8_4    lnbgs8_4    -0.320278300814655
#
1.3591981744599828E+05     6.3262754591072584E+05     -1.3350719670589368E+06     1.5081954941263408E+05     3.0957183664603747E+05     2.9323278121563438E+06     6.0839705423718307E+05     1.6482417515645287E+05     1.7026290617476677E+05     1.5007013273233038E+05     1.4887522282150126E+05     1.3935846233107382E+05     1.3794018259453354E+05     1.1681037576399272E+05     1.2599847416326992E+05     1.1017976148079103E+05     7.0987676584610628E+04     3.9795773030144045E+02     5.8330090900901985E+02     2.2952902978173766E+00     2.5599117660968096E+00     2.3073463097761024E+00     2.2210269078226501E+00     2.9686403816451144E+04     3.2948587418475428E+04     3.0567684332442601E+04     3.1729961998628809E+04     
6.3262754591072584E+05     3.0539295802296577E+06     -6.4482654722106978E+06     6.6753010933887330E+05     1.6720364007734647E+06     1.4362093781172235E+07     2.4853813950878601E+06     1.1891333557203864E+06     9.9983955081655143E+05     7.9645775121272798E+05     7.3838975582763064E+05     6.5411983988081897E+05     6.1739783531244122E+05     5.0150527924722538E+05     5.1962699675046245E+05     4.3471462823558506E+05     2.6589030541708862E+05     1.1294403475963065E+03     1.5364868672109346E+03     1.2348454403125725E+01     1.2397247510113324E+01     1.0352362158972042E+01     9.3171703316095851E+00     1.4350509095663112E+05     1.4698184676924942E+05     1.2888473360714749E+05     1.2763154054694553E+05     
-1.3350719670589368E+06     -6.4482654722106978E+06     2.6157306805486780E+07     -3.3328695000768290E+06     -7.3587429225518508E+06     -3.7064861655290946E+07     -1.5583865042806119E+07     -2.5812700552655635E+06     -2.1032822723308392E+06     -1.6693086005697837E+06     -1.5654542595193279E+06     -1.4219080663123410E+06     -1.3824203066051384E+06     -1.1587706539395042E+06     -1.2368031668534209E+06     -1.0526884408083153E+06     -6.0659077207468380E+05     2.6852663632179690E+02     -2.9897669198476837E+02     -9.8620954239619053E+01     -8.7125237070762267E+01     -6.4467315441603347E+01     -4.8327848665105734E+01     -3.2443800621464336E+05     -2.5869193918466600E+05     -1.3871359313183493E+05     2.7798256847472538E+04     
1.5081954941263408E+05     6.6753010933887330E+05     -3.3328695000768290E+06     1.9803666447682522E+07     1.2380480164852771E+06     6.9293788066640254E+06     -2.2690611891189585E+06     7.6037217925721046E+05     5.4613586294223252E+05     4.0764515377556509E+05     3.6788761585808225E+05     3.2599947079999174E+05     3.1206970395335794E+05     2.5929186355881282E+05     2.7531206251540117E+05     2.3319464164269096E+05     1.3257657359427685E+05     -1.5199022607289291E+02     -1.0439837449744687E+01     -3.1736633039521018E+02     -2.8320884767357404E+02     -2.1566760216698083E+02     -1.7638934190758465E+02     -2.4158457725534234E+06     -2.3224466380377444E+06     -1.9257168713385724E+06     -1.7700059866004416E+06     
3.0957183664603747E+05     1.6720364007734647E+06     -7.3587429225518508E+06     1.2380480164852771E+06     3.1226009284776803E+06     1.1017069525498440E+07     4.9840778025197266E+06     1.5607841331697542E+06     8.9143185801416426E+05     5.5167482675077196E+05     4.1619653362959053E+05     3.0804987603527168E+05     2.4557196015290532E+05     1.7006634618938150E+05     1.4766627472125430E+05     9.4742697003758280E+04     2.8886457552050742E+04     -8.5649832592342136E+02     -8.6961237503278335E+02     2.7732752164609145E+01     2.4349583582577459E+01     1.7785676688584729E+01     1.2909810133501573E+01     6.1993204025746811E+04     4.2501465648604921E+04     1.1350643738477011E+04     -3.6632780062711041E+04     
2.9323278121563438E+06     1.4362093781172235E+07     -3.7064861655290946E+07     6.9293788066640254E+06     1.1017069525498440E+07     8.1748938966818810E+07     2.4623052190084703E+07     6.1260327506358754E+06     5.2067335642796103E+06     4.0844936242519636E+06     3.7254661840758822E+06     3.2584750554694850E+06     3.0341766893136026E+06     2.4348052541176532E+06     2.4929499869508198E+06     2.0580550107451365E+06     1.2366282431568149E+06     4.0987873089892446E+02     1.8832873618278591E+03     3.0179315749152863E+01     2.6433092764941129E+01     1.9885043681139077E+01     1.6317270479254695E+01     2.4362849555544453E+05     2.3153708611116261E+05     1.9180115176339162E+05     1.8066585178147265E+05     
6.0839705423718307E+05     2.4853813950878601E+06     -1.5583865042806119E+07     -2.2690611891189585E+06     4.9840778025197266E+06     2.4623052190084703E+07     2.3493150308126822E+07     -8.3411745448058611E+05     4.0195095111693424E+05     6.0741648604538210E+05     7.0954949976154952E+05     7.4326701324908203E+05     7.8994185496680858E+05     7.0547470188082871E+05     7.9332463596928213E+05     7.1225227181403129E+05     4.4416725955249160E+05     1.7205364677565452E+04     3.0164175943494673E+04     1.2573190412847175E+02     1.1808426155294154E+02     9.4318772275431300E+01     8.0661852984507362E+01     8.8311193019857584E+05     8.8306433647706429E+05     7.4503194628968323E+05     6.6613535855212773E+05     
1.6482417515645287E+05     1.1891333557203864E+06     -2.5812700552655635E+06     7.6037217925721046E+05     1.5607841331697542E+06     6.1260327506358754E+06     -8.3411745448058611E+05     3.6803790746113318E+06     3.7060126582699496E+05     7.6246443277953877E+03     3.0484621242025805E+03     5.4755423859427083E+02     1.5517388902484709E+02     6.8664607422042224E+01     3.2135649845633303E+01     3.0754432899690443E+00     4.9966678581539270E+00     8.7368492815082249E+01     5.0161849581325384E+01     0.0000000000000000E+00     0.0000000000000000E+00     0.0000000000000000E+00     0.0000000000000000E+00     0.0000000000000000E+00     0.0000000000000000E+00     0.0000000000000000E+00     0.0000000000000000E+00     
1.7026290617476677E+05     9.9983955081655143E+05     -2.1032822723308392E+06     5.4613586294223252E+05     8.9143185801416426E+05     5.2067335642796103E+06     4.0195095111693424E+05     3.7060126582699496E+05     1.9274337716507735E+06     3.6015976718954497E+05     9.4758199141686382E+03     2.3971827999133425E+03     3.8826895477236513E+02     3.0465958308527732E+01     1.2767743686223291E+01     1.7483386428244359E+00     1.7598704960994667E+00     -3.0629373129920225E+01     -3.1079730140355764E+01     0.0000000000000000E+00     0.0000000000000000E+00     0.0000000000000000E+00     0.0000000000000000E+00     0.0000000000000000E+00     0.0000000000000000E+00     0.0000000000000000E+00     0.0000000000000000E+00     
1.5007013273233038E+05     7.9645775121272798E+05     -1.6693086005697837E+06     4.0764515377556509E+05     5.5167482675077196E+05     4.0844936242519636E+06     6.0741648604538210E+05     7.6246443277953877E+03     3.6015976718954497E+05     1.1712884801404891E+06     3.4533188808953686E+05     8.9636118876305209E+03     2.0469300248133275E+03     2.9210087356182999E+02     2.9990248193385973E+01     6.0960889421898372E+00     8.5077147356038907E-01     2.2542945775964689E+01     2.1845398811713665E+01     0.0000000000000000E+00     0.0000000000000000E+00     0.0000000000000000E+00     0.0000000000000000E+00     0.0000000000000000E+00     0.0000000000000000E+00     0.0000000000000000E+00     0.0000000000000000E+00     
1.4887522282150126E+05     7.3838975582763064E+05     -1.5654542595193279E+06     3.6788761585808225E+05     4.1619653362959053E+05     3.7254661840758822E+06     7.0954949976154952E+05     3.0484621242025805E+03     9.4758199141686382E+03     3.4533188808953686E+05     9.5818299088071252E+05     3.0556106322648458E+05     1.0813184580906418E+04     1.8127101226779528E+03     2.4538674167299388E+02     1.7822117715733732E+01     4.9787577140399080E+00     7.7342620341306940E+00     6.8634927488415087E+00     0.0000000000000000E+00     0.0000000000000000E+00     0.0000000000000000E+00     0.0000000000000000E+00     0.0000000000000000E+00     0.0000000000000000E+00     0.0000000000000000E+00     0.0000000000000000E+00     
1.3935846233107382E+05     6.5411983988081897E+05     -1.4219080663123410E+06     3.2599947079999174E+05     3.0804987603527168E+05     3.2584750554694850E+06     7.4326701324908203E+05     5.4755423859427083E+02     2.3971827999133425E+03     8.9636118876305209E+03     3.0556106322648458E+05     7.7189626448149758E+05     2.7116264618125127E+05     8.5280851083704292E+03     1.6796755406201989E+03     1.3268753107897055E+02     1.0803368849223400E+01     -7.0521986788302904E+00     -2.1960684921347706E+00     0.0000000000000000E+00     0.0000000000000000E+00     0.0000000000000000E+00     0.0000000000000000E+00     0.0000000000000000E+00     0.0000000000000000E+00     0.0000000000000000E+00     0.0000000000000000E+00     
1.3794018259453354E+05     6.1739783531244122E+05     -1.3824203066051384E+06     3.1206970395335794E+05     2.4557196015290532E+05     3.0341766893136026E+06     7.8994185496680858E+05     1.5517388902484709E+02     3.8826895477236513E+02     2.0469300248133275E+03     1.0813184580906418E+04     2.7116264618125127E+05     7.0930693634678179E+05     2.3386747452867066E+05     1.1841510565059400E+04     1.0336136772256091E+03     7.3512133427210372E+01     3.8373338757705696E+01     4.0611195059635605E+01     0.0000000000000000E+00     0.0000000000000000E+00     0.0000000000000000E+00     0.0000000000000000E+00     0.0000000000000000E+00     0.0000000000000000E+00     0.0000000000000000E+00     0.0000000000000000E+00     
1.1681037576399272E+05     5.0150527924722538E+05     -1.1587706539395042E+06     2.5929186355881282E+05     1.7006634618938150E+05     2.4348052541176532E+06     7.0547470188082871E+05     6.8664607422042224E+01     3.0465958308527732E+01     2.9210087356182999E+02     1.8127101226779528E+03     8.5280851083704292E+03     2.3386747452867066E+05     5.2655524044818187E+05     1.9902323883026085E+05     4.9314570073530504E+03     3.7922528868040615E+02     4.0391540424875593E+01     4.8011217659810882E+01     0.0000000000000000E+00     0.0000000000000000E+00     0.0000000000000000E+00     0.0000000000000000E+00     0.0000000000000000E+00     0.0000000000000000E+00     0.0000000000000000E+00     0.0000000000000000E+00     
1.2599847416326992E+05     5.1962699675046245E+05     -1.2368031668534209E+06     2.7531206251540117E+05     1.4766627472125430E+05     2.4929499869508198E+06     7.9332463596928213E+05     3.2135649845633303E+01     1.2767743686223291E+01     2.9990248193385973E+01     2.4538674167299388E+02     1.6796755406201989E+03     1.1841510565059400E+04     1.9902323883026085E+05     6.1861576398384571E+05     1.5173055237174412E+05     2.7618774107508639E+03     5.7867674700182448E+01     8.6421009853004932E+01     0.0000000000000000E+00     0.0000000000000000E+00     0.0000000000000000E+00     0.0000000000000000E+00     0.0000000000000000E+00     0.0000000000000000E+00     0.0000000000000000E+00     0.0000000000000000E+00     
1.1017976148079103E+05     4.3471462823558506E+05     -1.0526884408083153E+06     2.3319464164269096E+05     9.4742697003758280E+04     2.0580550107451365E+06     7.1225227181403129E+05     3.0754432899690443E+00     1.7483386428244359E+00     6.0960889421898372E+00     1.7822117715733732E+01     1.3268753107897055E+02     1.0336136772256091E+03     4.9314570073530504E+03     1.5173055237174412E+05     5.7539889033344272E+05     7.5566657538640284E+04     -4.1820762011071736E+01     -8.4744043324374928E+01     0.0000000000000000E+00     0.0000000000000000E+00     0.0000000000000000E+00     0.0000000000000000E+00     0.0000000000000000E+00     0.0000000000000000E+00     0.0000000000000000E+00     0.0000000000000000E+00     
7.0987676584610628E+04     2.6589030541708862E+05     -6.0659077207468380E+05     1.3257657359427685E+05     2.8886457552050742E+04     1.2366282431568149E+06     4.4416725955249160E+05     4.9966678581539270E+00     1.7598704960994667E+00     8.5077147356038907E-01     4.9787577140399080E+00     1.0803368849223400E+01     7.3512133427210372E+01     3.7922528868040615E+02     2.7618774107508639E+03     7.5566657538640284E+04     3.9963397444237577E+05     -2.5142718876451474E+02     -4.3969974018263883E+02     0.0000000000000000E+00     0.0000000000000000E+00     0.0000000000000000E+00     0.0000000000000000E+00     0.0000000000000000E+00     0.0000000000000000E+00     0.0000000000000000E+00     0.0000000000000000E+00     
3.9795773030144045E+02     1.1294403475963065E+03     2.6852663632179690E+02     -1.5199022607289291E+02     -8.5649832592342136E+02     4.0987873089892446E+02     1.7205364677565452E+04     8.7368492815082249E+01     -3.0629373129920225E+01     2.2542945775964689E+01     7.7342620341306940E+00     -7.0521986788302904E+00     3.8373338757705696E+01     4.0391540424875593E+01     5.7867674700182448E+01     -4.1820762011071736E+01     -2.5142718876451474E+02     3.5190872424649829E+03     5.6273035978662792E+03     0.0000000000000000E+00     0.0000000000000000E+00     0.0000000000000000E+00     0.0000000000000000E+00     0.0000000000000000E+00     0.0000000000000000E+00     0.0000000000000000E+00     0.0000000000000000E+00     
5.8330090900901985E+02     1.5364868672109346E+03     -2.9897669198476837E+02     -1.0439837449744687E+01     -8.6961237503278335E+02     1.8832873618278591E+03     3.0164175943494673E+04     5.0161849581325384E+01     -3.1079730140355764E+01     2.1845398811713665E+01     6.8634927488415087E+00     -2.1960684921347706E+00     4.0611195059635605E+01     4.8011217659810882E+01     8.6421009853004932E+01     -8.4744043324374928E+01     -4.3969974018263883E+02     5.6273035978662792E+03     9.1899510019768568E+03     0.0000000000000000E+00     0.0000000000000000E+00     0.0000000000000000E+00     0.0000000000000000E+00     0.0000000000000000E+00     0.0000000000000000E+00     0.0000000000000000E+00     0.0000000000000000E+00     
2.2952902978173766E+00     1.2348454403125725E+01     -9.8620954239619053E+01     -3.1736633039521018E+02     2.7732752164609145E+01     3.0179315749152863E+01     1.2573190412847175E+02     0.0000000000000000E+00     0.0000000000000000E+00     0.0000000000000000E+00     0.0000000000000000E+00     0.0000000000000000E+00     0.0000000000000000E+00     0.0000000000000000E+00     0.0000000000000000E+00     0.0000000000000000E+00     0.0000000000000000E+00     0.0000000000000000E+00     0.0000000000000000E+00     2.4079191351794111E-02     0.0000000000000000E+00     0.0000000000000000E+00     0.0000000000000000E+00     1.4288844412779383E+02     0.0000000000000000E+00     0.0000000000000000E+00     0.0000000000000000E+00     
2.5599117660968096E+00     1.2397247510113324E+01     -8.7125237070762267E+01     -2.8320884767357404E+02     2.4349583582577459E+01     2.6433092764941129E+01     1.1808426155294154E+02     0.0000000000000000E+00     0.0000000000000000E+00     0.0000000000000000E+00     0.0000000000000000E+00     0.0000000000000000E+00     0.0000000000000000E+00     0.0000000000000000E+00     0.0000000000000000E+00     0.0000000000000000E+00     0.0000000000000000E+00     0.0000000000000000E+00     0.0000000000000000E+00     0.0000000000000000E+00     2.1024477719550409E-02     0.0000000000000000E+00     -8.2130432148145097E-19     0.0000000000000000E+00     1.3237468795728381E+02     0.0000000000000000E+00     0.0000000000000000E+00     
2.3073463097761024E+00     1.0352362158972042E+01     -6.4467315441603347E+01     -2.1566760216698083E+02     1.7785676688584729E+01     1.9885043681139077E+01     9.4318772275431300E+01     0.0000000000000000E+00     0.0000000000000000E+00     0.0000000000000000E+00     0.0000000000000000E+00     0.0000000000000000E+00     0.0000000000000000E+00     0.0000000000000000E+00     0.0000000000000000E+00     0.0000000000000000E+00     0.0000000000000000E+00     0.0000000000000000E+00     0.0000000000000000E+00     0.0000000000000000E+00     0.0000000000000000E+00     1.5672338152568448E-02     0.0000000000000000E+00     0.0000000000000000E+00     0.0000000000000000E+00     1.0487629162728885E+02     0.0000000000000000E+00     
2.2210269078226501E+00     9.3171703316095851E+00     -4.8327848665105734E+01     -1.7638934190758465E+02     1.2909810133501573E+01     1.6317270479254695E+01     8.0661852984507362E+01     0.0000000000000000E+00     0.0000000000000000E+00     0.0000000000000000E+00     0.0000000000000000E+00     0.0000000000000000E+00     0.0000000000000000E+00     0.0000000000000000E+00     0.0000000000000000E+00     0.0000000000000000E+00     0.0000000000000000E+00     0.0000000000000000E+00     0.0000000000000000E+00     0.0000000000000000E+00     -8.2130432148145097E-19     0.0000000000000000E+00     1.2577641740808252E-02     0.0000000000000000E+00     0.0000000000000000E+00     0.0000000000000000E+00     9.0083729359696065E+01     
2.9686403816451144E+04     1.4350509095663112E+05     -3.2443800621464336E+05     -2.4158457725534234E+06     6.1993204025746811E+04     2.4362849555544453E+05     8.8311193019857584E+05     0.0000000000000000E+00     0.0000000000000000E+00     0.0000000000000000E+00     0.0000000000000000E+00     0.0000000000000000E+00     0.0000000000000000E+00     0.0000000000000000E+00     0.0000000000000000E+00     0.0000000000000000E+00     0.0000000000000000E+00     0.0000000000000000E+00     0.0000000000000000E+00     1.4288844412779383E+02     0.0000000000000000E+00     0.0000000000000000E+00     0.0000000000000000E+00     1.2663520379194510E+06     0.0000000000000000E+00     0.0000000000000000E+00     0.0000000000000000E+00     
3.2948587418475428E+04     1.4698184676924942E+05     -2.5869193918466600E+05     -2.3224466380377444E+06     4.2501465648604921E+04     2.3153708611116261E+05     8.8306433647706429E+05     0.0000000000000000E+00     0.0000000000000000E+00     0.0000000000000000E+00     0.0000000000000000E+00     0.0000000000000000E+00     0.0000000000000000E+00     0.0000000000000000E+00     0.0000000000000000E+00     0.0000000000000000E+00     0.0000000000000000E+00     0.0000000000000000E+00     0.0000000000000000E+00     0.0000000000000000E+00     1.3237468795728381E+02     0.0000000000000000E+00     0.0000000000000000E+00     0.0000000000000000E+00     1.2512565984756728E+06     0.0000000000000000E+00     0.0000000000000000E+00     
3.0567684332442601E+04     1.2888473360714749E+05     -1.3871359313183493E+05     -1.9257168713385724E+06     1.1350643738477011E+04     1.9180115176339162E+05     7.4503194628968323E+05     0.0000000000000000E+00     0.0000000000000000E+00     0.0000000000000000E+00     0.0000000000000000E+00     0.0000000000000000E+00     0.0000000000000000E+00     0.0000000000000000E+00     0.0000000000000000E+00     0.0000000000000000E+00     0.0000000000000000E+00     0.0000000000000000E+00     0.0000000000000000E+00     0.0000000000000000E+00     0.0000000000000000E+00     1.0487629162728885E+02     0.0000000000000000E+00     0.0000000000000000E+00     0.0000000000000000E+00     1.0687174742957582E+06     0.0000000000000000E+00     
3.1729961998628809E+04     1.2763154054694553E+05     2.7798256847472538E+04     -1.7700059866004416E+06     -3.6632780062711041E+04     1.8066585178147265E+05     6.6613535855212773E+05     0.0000000000000000E+00     0.0000000000000000E+00     0.0000000000000000E+00     0.0000000000000000E+00     0.0000000000000000E+00     0.0000000000000000E+00     0.0000000000000000E+00     0.0000000000000000E+00     0.0000000000000000E+00     0.0000000000000000E+00     0.0000000000000000E+00     0.0000000000000000E+00     0.0000000000000000E+00     0.0000000000000000E+00     0.0000000000000000E+00     9.0083729359696065E+01     0.0000000000000000E+00     0.0000000000000000E+00     0.0000000000000000E+00     1.0203905838134736E+06     
