#
# This file contains a Fisher matrix created with the CosmicFish code.
#
# The parameters of this Fisher matrix are:
#
#    1    Omegam    \Omega_{{\rm m}, 0}    0.32
#    2    Omegab    \Omega_{{\rm b}, 0}    0.05
#    3    h    h    0.67
#    4    ns    n_{\rm s}    0.96
#    5    sigma8    \sigma_8    0.815584
#    6    w0    w_0    -1.0
#    7    wa    w_a    0.0
#    8    b1    b_1    1.099773
#    9    b2    b_2    1.220246
#    10    b3    b_3    1.272399
#    11    b4    b_4    1.316624
#    12    b5    b_5    1.358124
#    13    b6    b_6    1.399821
#    14    b7    b_7    1.444645
#    15    b8    b_8    1.496496
#    16    b9    b_9    1.565248
#    17    b10    b_{10}    1.742986
#    18    AIA    A_{IA}    1.72
#    19    betaIA    \beta_{IA}    2.17
#    20    etaIA    \eta_{IA}    -0.41
#    21    lnbgs8_1    \ln(b_g \sigma_8)_1    -0.325399
#    22    lnbgs8_2    \ln(b_g \sigma_8)_2    -0.31588
#    23    lnbgs8_3    \ln(b_g \sigma_8)_3    -0.311505
#    24    lnbgs8_4    \ln(b_g \sigma_8)_4    -0.32014
#    25    Ps_1    P_{S1}    0.0
#    26    Ps_2    P_{S2}    0.0
#    27    Ps_3    P_{S3}    0.0
#    28    Ps_4    P_{S4}    0.0
#
8.2516477404981358E+06     -3.1759961661042878E+06     -3.6728746097033280E+06     7.5005135214159545E+05     2.6651698536262852E+06     -3.0332474117997440E+05     -3.3491015528971271E+04     -6.5709712012685626E+05     -1.6355666183995228E+05     -8.0588722969934519E+04     -4.3715711023087213E+04     -2.0072416079226961E+04     -8.2350819998331535E+03     -1.3221054472570568E+03     1.1148628997104179E+03     -6.5650832077746600E+02     -9.7738745634532133E+03     9.6239334847497776E+03     4.8500940667734558E+03     1.6644253882839479E+04     6.1734138399618724E+05     6.3582544085503730E+05     5.5497474644231959E+05     5.2082179346855509E+05     6.6486838465677451E+01     6.4840736974586505E+01     5.4163810807548572E+01     4.9484827950458360E+01     
-3.1759961661042878E+06     7.1223927434871178E+06     -5.1563020609597885E+05     -1.2940452866678019E+06     -8.3888882766686857E+05     7.4808270098745299E+04     2.4984198862210316E+04     -8.0095491305191943E+04     -7.2515174961087047E+04     -4.9629035931179009E+04     -3.7943135908910153E+04     -2.4355400119470134E+04     -1.3236182983010225E+04     2.2933628344905810E+02     1.6715118883108236E+04     3.0872539511318180E+04     6.3544631362966960E+04     6.6641808680642214E+02     -5.4148388011192822E+02     8.2193068449319117E+02     -7.1156113575047755E+04     -3.0841341963464394E+04     3.1652206542181841E+04     1.5559892299761419E+05     -3.8406157964613904E+01     -3.4987622864684056E+01     -2.6657127919380272E+01     -2.0261099106545764E+01     
-3.6728746097033280E+06     -5.1563020609597885E+05     1.3962632957788892E+07     2.2749045173272060E+05     -1.6152133250065860E+06     -8.0267215850357083E+05     -1.6359555076557901E+05     8.7364456310173518E+03     6.5247406499102108E+03     2.6149538532408624E+03     3.0094170103133979E+02     -2.0981318439424876E+03     -4.6553070011536502E+03     -6.7935533832163237E+03     -1.1204964886038408E+04     -1.5481820585216565E+04     -2.0622708581862273E+04     -2.0219420177863944E+02     1.5972126184612733E+02     -2.5064368622300373E+02     -1.8595851235339572E+06     -1.8241584341630358E+06     -1.5552403391246903E+06     -1.4938740169316765E+06     -1.7122636528514099E+02     -1.5826040843834528E+02     -1.2629701024701491E+02     -1.1114964712751298E+02     
7.5005135214159545E+05     -1.2940452866678019E+06     2.2749045173272060E+05     4.6716332150406891E+05     -5.2127734466831136E+05     -2.1820456769161439E+05     -4.9762978753428644E+04     -1.8645021585836279E+04     -3.0754971593098311E+04     -3.3287438677906495E+04     -3.5844502029819043E+04     -3.6183038665414359E+04     -3.9057303458705319E+04     -3.6491033356470420E+04     -4.5104663986735504E+04     -4.8917596419301335E+04     -4.6878017690016095E+04     -3.8866005618734954E+02     3.4912624766916241E+02     -4.6425897709165764E+02     -1.8399117785889961E+04     -3.0762058124498973E+04     -4.4094148424694678E+04     -7.8793897043446777E+04     8.5701205708325290E+00     7.5337171261466747E+00     5.4289817614406104E+00     3.5923114529539055E+00     
2.6651698536262852E+06     -8.3888882766686857E+05     -1.6152133250065860E+06     -5.2127734466831136E+05     7.7567210149435038E+06     1.1376495029520895E+06     2.3434343593751368E+05     5.8156925737865281E+05     4.4262386289713526E+05     3.3061121292546787E+05     2.9686902804756729E+05     2.6241644909395499E+05     2.5445690852514110E+05     2.1808382156957526E+05     2.5033459591719764E+05     2.5233311828871685E+05     2.2063446623103545E+05     -8.5840417884836654E+02     2.2605868715052115E+03     -4.6315967795507538E+02     2.0088471634345173E+05     1.9371935228516840E+05     1.6374246360832563E+05     1.5913781865576224E+05     1.7686599492754919E+01     1.6008527581075963E+01     1.2580743807119063E+01     1.1048567939455687E+01     
-3.0332474117997440E+05     7.4808270098745299E+04     -8.0267215850357083E+05     -2.1820456769161439E+05     1.1376495029520895E+06     3.9903955056431092E+05     8.5083685718185676E+04     1.7135385050464433E+05     1.1375945993678214E+05     8.7514304141264729E+04     7.6944992067620769E+04     6.6154320091939866E+04     6.2593754967579880E+04     5.2345813773929382E+04     5.9120297818010913E+04     5.9483859561655496E+04     5.2100366315855812E+04     1.7782967512404687E+02     1.5110541529488754E+02     3.3442639309976585E+02     1.2378048263611122E+05     1.2808302029932785E+05     1.1412949484416918E+05     1.1602877244681300E+05     8.5346452226567795E+00     8.5851390221149657E+00     7.3086512205853387E+00     6.8752093863169792E+00     
-3.3491015528971271E+04     2.4984198862210316E+04     -1.6359555076557901E+05     -4.9762978753428644E+04     2.3434343593751368E+05     8.5083685718185676E+04     1.9242911199160550E+04     2.2898261943387468E+04     1.9440842515421034E+04     1.6937356306725123E+04     1.6058394150940641E+04     1.4638915599827931E+04     1.4504298753676896E+04     1.2584896437268209E+04     1.4703345516503556E+04     1.5319324010036000E+04     1.3994911761095485E+04     1.2207549312358142E+02     6.3106537928928326E+01     2.1267447346904618E+02     2.5793383801638989E+04     2.8918845359384683E+04     2.7269515494057367E+04     2.9091485633065909E+04     1.6869924945107941E+00     1.8583019736487698E+00     1.6894754210395180E+00     1.6841080705761420E+00     
-6.5709712012685626E+05     -8.0095491305191943E+04     8.7364456310173518E+03     -1.8645021585836279E+04     5.8156925737865281E+05     1.7135385050464433E+05     2.2898261943387468E+04     5.2523121484142088E+05     4.4701785021776501E+04     4.8820903447367988E+02     6.6709163293999381E+02     1.3734208786473721E+01     4.3683212700878919E+01     5.3660730600429520E+00     3.6582606336542893E+00     -1.6230674715295469E-03     1.3907099993620218E+00     -8.2267678510324753E+00     2.3434894013749723E+01     -4.2864716458468797E+00     0.0000000000000000E+00     0.0000000000000000E+00     0.0000000000000000E+00     0.0000000000000000E+00     0.0000000000000000E+00     0.0000000000000000E+00     0.0000000000000000E+00     0.0000000000000000E+00     
-1.6355666183995228E+05     -7.2515174961087047E+04     6.5247406499102108E+03     -3.0754971593098311E+04     4.4262386289713526E+05     1.1375945993678214E+05     1.9440842515421034E+04     4.4701785021776501E+04     2.3866728582867290E+05     3.3518240516292339E+04     4.9839420990451458E+01     7.2263666437554082E+02     -2.0786494502805233E+01     2.1471608003886043E+01     5.9333942499642074E+00     1.0467350693302495E-01     8.8974515711705071E-01     -6.7664846411368359E+01     1.5813307076728677E+02     -5.0400949754540221E+01     0.0000000000000000E+00     0.0000000000000000E+00     0.0000000000000000E+00     0.0000000000000000E+00     0.0000000000000000E+00     0.0000000000000000E+00     0.0000000000000000E+00     0.0000000000000000E+00     
-8.0588722969934519E+04     -4.9629035931179009E+04     2.6149538532408624E+03     -3.3287438677906495E+04     3.3061121292546787E+05     8.7514304141264729E+04     1.6937356306725123E+04     4.8820903447367988E+02     3.3518240516292339E+04     1.5793648414362854E+05     3.4258518569804728E+04     -1.5830112918155135E+02     5.7454140116818724E+02     1.5342840273212811E+01     4.1005632525474445E+00     5.3740706566000345E+00     4.2231529132279136E-02     -7.7274894856299852E+01     1.3977066857438365E+02     -6.4112528986208602E+01     0.0000000000000000E+00     0.0000000000000000E+00     0.0000000000000000E+00     0.0000000000000000E+00     0.0000000000000000E+00     0.0000000000000000E+00     0.0000000000000000E+00     0.0000000000000000E+00     
-4.3715711023087213E+04     -3.7943135908910153E+04     3.0094170103133979E+02     -3.5844502029819043E+04     2.9686902804756729E+05     7.6944992067620769E+04     1.6058394150940641E+04     6.6709163293999381E+02     4.9839420990451458E+01     3.4258518569804728E+04     1.2727246507529936E+05     3.0747160322483720E+04     2.1444816773757358E+02     4.1059235789268695E+02     5.3574492720950531E+01     6.6572475474012638E+00     3.9631251953016853E+00     -1.2627015913002295E+02     1.6150046852997562E+02     -1.2111640406892766E+02     0.0000000000000000E+00     0.0000000000000000E+00     0.0000000000000000E+00     0.0000000000000000E+00     0.0000000000000000E+00     0.0000000000000000E+00     0.0000000000000000E+00     0.0000000000000000E+00     
-2.0072416079226961E+04     -2.4355400119470134E+04     -2.0981318439424876E+03     -3.6183038665414359E+04     2.6241644909395499E+05     6.6154320091939866E+04     1.4638915599827931E+04     1.3734208786473721E+01     7.2263666437554082E+02     -1.5830112918155135E+02     3.0747160322483720E+04     1.0299626864874364E+05     2.7816525499957173E+04     4.5513635858548923E+02     3.5552263544793823E+02     5.9267217479057663E+01     7.7458985732631627E+00     -8.8148839415531413E+01     1.1237554738957088E+02     -8.8880067613288603E+01     0.0000000000000000E+00     0.0000000000000000E+00     0.0000000000000000E+00     0.0000000000000000E+00     0.0000000000000000E+00     0.0000000000000000E+00     0.0000000000000000E+00     0.0000000000000000E+00     
-8.2350819998331535E+03     -1.3236182983010225E+04     -4.6553070011536502E+03     -3.9057303458705319E+04     2.5445690852514110E+05     6.2593754967579880E+04     1.4504298753676896E+04     4.3683212700878919E+01     -2.0786494502805233E+01     5.7454140116818724E+02     2.1444816773757358E+02     2.7816525499957173E+04     9.6541126786004330E+04     2.4551516082469050E+04     1.0005190494223153E+03     2.8037424839997760E+02     5.0151123732822690E+01     -4.7783333984168493E+01     4.7821438993053718E+01     -5.8943408136490085E+01     0.0000000000000000E+00     0.0000000000000000E+00     0.0000000000000000E+00     0.0000000000000000E+00     0.0000000000000000E+00     0.0000000000000000E+00     0.0000000000000000E+00     0.0000000000000000E+00     
-1.3221054472570568E+03     2.2933628344905810E+02     -6.7935533832163237E+03     -3.6491033356470420E+04     2.1808382156957526E+05     5.2345813773929382E+04     1.2584896437268209E+04     5.3660730600429520E+00     2.1471608003886043E+01     1.5342840273212811E+01     4.1059235789268695E+02     4.5513635858548923E+02     2.4551516082469050E+04     7.6721703227999635E+04     2.0525529443411164E+04     7.1684360578390090E+02     1.1789091914067190E+02     -3.5035695966478897E+01     2.0854898712485358E+01     -4.7454517816939159E+01     0.0000000000000000E+00     0.0000000000000000E+00     0.0000000000000000E+00     0.0000000000000000E+00     0.0000000000000000E+00     0.0000000000000000E+00     0.0000000000000000E+00     0.0000000000000000E+00     
1.1148628997104179E+03     1.6715118883108236E+04     -1.1204964886038408E+04     -4.5104663986735504E+04     2.5033459591719764E+05     5.9120297818010913E+04     1.4703345516503556E+04     3.6582606336542893E+00     5.9333942499642074E+00     4.1005632525474445E+00     5.3574492720950531E+01     3.5552263544793823E+02     1.0005190494223153E+03     2.0525529443411164E+04     9.5432230136797516E+04     1.6996889363585222E+04     6.3111504110594251E+02     -3.7609068137837532E+01     2.8570551334535477E+01     -4.5813050177145733E+01     0.0000000000000000E+00     0.0000000000000000E+00     0.0000000000000000E+00     0.0000000000000000E+00     0.0000000000000000E+00     0.0000000000000000E+00     0.0000000000000000E+00     0.0000000000000000E+00     
-6.5650832077746600E+02     3.0872539511318180E+04     -1.5481820585216565E+04     -4.8917596419301335E+04     2.5233311828871685E+05     5.9483859561655496E+04     1.5319324010036000E+04     -1.6230674715295469E-03     1.0467350693302495E-01     5.3740706566000345E+00     6.6572475474012638E+00     5.9267217479057663E+01     2.8037424839997760E+02     7.1684360578390090E+02     1.6996889363585222E+04     9.8838742064157675E+04     1.1623718193948211E+04     -1.5280583956403353E+02     -5.0085953688634525E+01     -2.6077914028977682E+02     0.0000000000000000E+00     0.0000000000000000E+00     0.0000000000000000E+00     0.0000000000000000E+00     0.0000000000000000E+00     0.0000000000000000E+00     0.0000000000000000E+00     0.0000000000000000E+00     
-9.7738745634532133E+03     6.3544631362966960E+04     -2.0622708581862273E+04     -4.6878017690016095E+04     2.2063446623103545E+05     5.2100366315855812E+04     1.3994911761095485E+04     1.3907099993620218E+00     8.8974515711705071E-01     4.2231529132279136E-02     3.9631251953016853E+00     7.7458985732631627E+00     5.0151123732822690E+01     1.1789091914067190E+02     6.3111504110594251E+02     1.1623718193948211E+04     9.0078818745649813E+04     -3.7020375536108043E+02     -2.2318151850054156E+02     -6.5207220078663931E+02     0.0000000000000000E+00     0.0000000000000000E+00     0.0000000000000000E+00     0.0000000000000000E+00     0.0000000000000000E+00     0.0000000000000000E+00     0.0000000000000000E+00     0.0000000000000000E+00     
9.6239334847497776E+03     6.6641808680642214E+02     -2.0219420177863944E+02     -3.8866005618734954E+02     -8.5840417884836654E+02     1.7782967512404687E+02     1.2207549312358142E+02     -8.2267678510324753E+00     -6.7664846411368359E+01     -7.7274894856299852E+01     -1.2627015913002295E+02     -8.8148839415531413E+01     -4.7783333984168493E+01     -3.5035695966478897E+01     -3.7609068137837532E+01     -1.5280583956403353E+02     -3.7020375536108043E+02     1.8746560046711586E+03     4.4396841686852957E+02     3.0523846248563018E+03     0.0000000000000000E+00     0.0000000000000000E+00     0.0000000000000000E+00     0.0000000000000000E+00     0.0000000000000000E+00     0.0000000000000000E+00     0.0000000000000000E+00     0.0000000000000000E+00     
4.8500940667734558E+03     -5.4148388011192822E+02     1.5972126184612733E+02     3.4912624766916241E+02     2.2605868715052115E+03     1.5110541529488754E+02     6.3106537928928326E+01     2.3434894013749723E+01     1.5813307076728677E+02     1.3977066857438365E+02     1.6150046852997562E+02     1.1237554738957088E+02     4.7821438993053718E+01     2.0854898712485358E+01     2.8570551334535477E+01     -5.0085953688634525E+01     -2.2318151850054156E+02     4.4396841686852957E+02     7.3554697585391250E+02     9.5658150888222156E+02     0.0000000000000000E+00     0.0000000000000000E+00     0.0000000000000000E+00     0.0000000000000000E+00     0.0000000000000000E+00     0.0000000000000000E+00     0.0000000000000000E+00     0.0000000000000000E+00     
1.6644253882839479E+04     8.2193068449319117E+02     -2.5064368622300373E+02     -4.6425897709165764E+02     -4.6315967795507538E+02     3.3442639309976585E+02     2.1267447346904618E+02     -4.2864716458468797E+00     -5.0400949754540221E+01     -6.4112528986208602E+01     -1.2111640406892766E+02     -8.8880067613288603E+01     -5.8943408136490085E+01     -4.7454517816939159E+01     -4.5813050177145733E+01     -2.6077914028977682E+02     -6.5207220078663931E+02     3.0523846248563018E+03     9.5658150888222156E+02     5.0578514418559907E+03     0.0000000000000000E+00     0.0000000000000000E+00     0.0000000000000000E+00     0.0000000000000000E+00     0.0000000000000000E+00     0.0000000000000000E+00     0.0000000000000000E+00     0.0000000000000000E+00     
6.1734138399618724E+05     -7.1156113575047755E+04     -1.8595851235339572E+06     -1.8399117785889961E+04     2.0088471634345173E+05     1.2378048263611122E+05     2.5793383801638989E+04     0.0000000000000000E+00     0.0000000000000000E+00     0.0000000000000000E+00     0.0000000000000000E+00     0.0000000000000000E+00     0.0000000000000000E+00     0.0000000000000000E+00     0.0000000000000000E+00     0.0000000000000000E+00     0.0000000000000000E+00     0.0000000000000000E+00     0.0000000000000000E+00     0.0000000000000000E+00     1.0117365080803619E+06     0.0000000000000000E+00     0.0000000000000000E+00     0.0000000000000000E+00     8.4285979905673258E+01     0.0000000000000000E+00     0.0000000000000000E+00     0.0000000000000000E+00     
6.3582544085503730E+05     -3.0841341963464394E+04     -1.8241584341630358E+06     -3.0762058124498973E+04     1.9371935228516840E+05     1.2808302029932785E+05     2.8918845359384683E+04     0.0000000000000000E+00     0.0000000000000000E+00     0.0000000000000000E+00     0.0000000000000000E+00     0.0000000000000000E+00     0.0000000000000000E+00     0.0000000000000000E+00     0.0000000000000000E+00     0.0000000000000000E+00     0.0000000000000000E+00     0.0000000000000000E+00     0.0000000000000000E+00     0.0000000000000000E+00     0.0000000000000000E+00     1.0182860251191922E+06     0.0000000000000000E+00     0.0000000000000000E+00     0.0000000000000000E+00     8.0469780105059868E+01     0.0000000000000000E+00     0.0000000000000000E+00     
5.5497474644231959E+05     3.1652206542181841E+04     -1.5552403391246903E+06     -4.4094148424694678E+04     1.6374246360832563E+05     1.1412949484416918E+05     2.7269515494057367E+04     0.0000000000000000E+00     0.0000000000000000E+00     0.0000000000000000E+00     0.0000000000000000E+00     0.0000000000000000E+00     0.0000000000000000E+00     0.0000000000000000E+00     0.0000000000000000E+00     0.0000000000000000E+00     0.0000000000000000E+00     0.0000000000000000E+00     0.0000000000000000E+00     0.0000000000000000E+00     0.0000000000000000E+00     0.0000000000000000E+00     8.9196265581071901E+05     0.0000000000000000E+00     0.0000000000000000E+00     0.0000000000000000E+00     6.6400209259320803E+01     0.0000000000000000E+00     
5.2082179346855509E+05     1.5559892299761419E+05     -1.4938740169316765E+06     -7.8793897043446777E+04     1.5913781865576224E+05     1.1602877244681300E+05     2.9091485633065909E+04     0.0000000000000000E+00     0.0000000000000000E+00     0.0000000000000000E+00     0.0000000000000000E+00     0.0000000000000000E+00     0.0000000000000000E+00     0.0000000000000000E+00     0.0000000000000000E+00     0.0000000000000000E+00     0.0000000000000000E+00     0.0000000000000000E+00     0.0000000000000000E+00     0.0000000000000000E+00     0.0000000000000000E+00     0.0000000000000000E+00     0.0000000000000000E+00     8.8621858361064864E+05     0.0000000000000000E+00     0.0000000000000000E+00     0.0000000000000000E+00     6.0846116550674850E+01     
6.6486838465677451E+01     -3.8406157964613904E+01     -1.7122636528514099E+02     8.5701205708325290E+00     1.7686599492754919E+01     8.5346452226567795E+00     1.6869924945107941E+00     0.0000000000000000E+00     0.0000000000000000E+00     0.0000000000000000E+00     0.0000000000000000E+00     0.0000000000000000E+00     0.0000000000000000E+00     0.0000000000000000E+00     0.0000000000000000E+00     0.0000000000000000E+00     0.0000000000000000E+00     0.0000000000000000E+00     0.0000000000000000E+00     0.0000000000000000E+00     8.4285979905673258E+01     0.0000000000000000E+00     0.0000000000000000E+00     0.0000000000000000E+00     9.3832949737715290E-03     0.0000000000000000E+00     0.0000000000000000E+00     0.0000000000000000E+00     
6.4840736974586505E+01     -3.4987622864684056E+01     -1.5826040843834528E+02     7.5337171261466747E+00     1.6008527581075963E+01     8.5851390221149657E+00     1.8583019736487698E+00     0.0000000000000000E+00     0.0000000000000000E+00     0.0000000000000000E+00     0.0000000000000000E+00     0.0000000000000000E+00     0.0000000000000000E+00     0.0000000000000000E+00     0.0000000000000000E+00     0.0000000000000000E+00     0.0000000000000000E+00     0.0000000000000000E+00     0.0000000000000000E+00     0.0000000000000000E+00     0.0000000000000000E+00     8.0469780105059868E+01     0.0000000000000000E+00     0.0000000000000000E+00     0.0000000000000000E+00     8.5551749657743082E-03     0.0000000000000000E+00     0.0000000000000000E+00     
5.4163810807548572E+01     -2.6657127919380272E+01     -1.2629701024701491E+02     5.4289817614406104E+00     1.2580743807119063E+01     7.3086512205853387E+00     1.6894754210395180E+00     0.0000000000000000E+00     0.0000000000000000E+00     0.0000000000000000E+00     0.0000000000000000E+00     0.0000000000000000E+00     0.0000000000000000E+00     0.0000000000000000E+00     0.0000000000000000E+00     0.0000000000000000E+00     0.0000000000000000E+00     0.0000000000000000E+00     0.0000000000000000E+00     0.0000000000000000E+00     0.0000000000000000E+00     0.0000000000000000E+00     6.6400209259320803E+01     0.0000000000000000E+00     0.0000000000000000E+00     0.0000000000000000E+00     6.7418081800480149E-03     0.0000000000000000E+00     
4.9484827950458360E+01     -2.0261099106545764E+01     -1.1114964712751298E+02     3.5923114529539055E+00     1.1048567939455687E+01     6.8752093863169792E+00     1.6841080705761420E+00     0.0000000000000000E+00     0.0000000000000000E+00     0.0000000000000000E+00     0.0000000000000000E+00     0.0000000000000000E+00     0.0000000000000000E+00     0.0000000000000000E+00     0.0000000000000000E+00     0.0000000000000000E+00     0.0000000000000000E+00     0.0000000000000000E+00     0.0000000000000000E+00     0.0000000000000000E+00     0.0000000000000000E+00     0.0000000000000000E+00     0.0000000000000000E+00     6.0846116550674850E+01     0.0000000000000000E+00     0.0000000000000000E+00     0.0000000000000000E+00     5.8865812951500425E-03     
