#
# This file contains a Fisher matrix created with the CosmicFish code.
#
# The parameters of this Fisher matrix are:
#
#    1    Omegam    \Omega_{{\rm m}, 0}    0.32
#    2    Omegab    \Omega_{{\rm b}, 0}    0.05
#    3    h    h    0.67
#    4    ns    n_{\rm s}    0.96
#    5    sigma8    \sigma_8    0.815584
#    6    w0    w_0    -1.0
#    7    wa    w_a    0.0
#    8    b1    b_1    1.099773
#    9    b2    b_2    1.220246
#    10    b3    b_3    1.272399
#    11    b4    b_4    1.316624
#    12    b5    b_5    1.358124
#    13    b6    b_6    1.399821
#    14    b7    b_7    1.444645
#    15    b8    b_8    1.496496
#    16    b9    b_9    1.565248
#    17    b10    b_{10}    1.742986
#    18    AIA    A_{IA}    1.72
#    19    betaIA    \beta_{IA}    2.17
#    20    etaIA    \eta_{IA}    -0.41
#    21    lnbgs8_1    \ln(b_g \sigma_8)_1    -0.325399
#    22    lnbgs8_2    \ln(b_g \sigma_8)_2    -0.31588
#    23    lnbgs8_3    \ln(b_g \sigma_8)_3    -0.311505
#    24    lnbgs8_4    \ln(b_g \sigma_8)_4    -0.32014
#    25    Ps_1    P_{S1}    0.0
#    26    Ps_2    P_{S2}    0.0
#    27    Ps_3    P_{S3}    0.0
#    28    Ps_4    P_{S4}    0.0
#
2.3574064472728256E+07     -1.5390373725489162E+07     -2.4965453211191832E+06     4.8684819437644733E+06     2.4367202049577974E+07     2.4014323464878756E+06     5.9089664040688367E+05     -8.8962413478363189E+05     3.7218589203648822E+05     5.8428270729244302E+05     6.8915021277641365E+05     7.2635042581195582E+05     7.7510076550114166E+05     6.9458613186316390E+05     7.8394836511374230E+05     7.0767874538254808E+05     4.4478312578321167E+05     1.7721546296064451E+04     1.0023745082986516E+04     3.1062976746914937E+04     8.9444035215745401E+05     8.9534047120326303E+05     7.5617461905982892E+05     6.7824324566811440E+05     1.2735458304685162E+02     1.1969544607846998E+02     9.5621381618510796E+01     8.1877675217014158E+01     
-1.5390373725489162E+07     2.5815557831393957E+07     -3.2341149476555004E+06     -7.1453455184804201E+06     -3.6494522055499211E+07     -6.3360802307873834E+06     -1.3118546080716739E+06     -2.5473696067929165E+06     -2.0652465044475859E+06     -1.6364096057418559E+06     -1.5351094749248582E+06     -1.3956280914155706E+06     -1.3586233169574495E+06     -1.1406931236389051E+06     -1.2204818240677097E+06     -1.0434908250546564E+06     -6.0544469384925475E+05     2.7843229705164708E+02     -1.9062464275324678E+03     -2.9594938323413322E+02     -3.2584763626618794E+05     -2.5990993510472641E+05     -1.3938416233302688E+05     2.7241182162905578E+04     -9.8647188477653600E+01     -8.7152415059459486E+01     -6.4469226106584614E+01     -4.8362191295289328E+01     
-2.4965453211191832E+06     -3.2341149476555004E+06     1.9516235549740538E+07     1.1765803446810914E+06     6.8239370152533436E+06     6.2986409311239736E+05     1.3531334605933228E+05     7.4785179530195391E+05     5.3365262904553895E+05     3.9743264070867660E+05     3.5881232934462687E+05     3.1835161798594403E+05     3.0526619846769981E+05     2.5416763751731816E+05     2.7064232338982041E+05     2.3035171087176114E+05     1.3187395754355603E+05     -2.0747360541908455E+02     5.8278111443211412E+02     -9.7529065737776349E+01     -2.4194626714747651E+06     -2.3253792669071490E+06     -1.9271675033734031E+06     -1.7706726324546314E+06     -3.1590821633245173E+02     -2.8202632965596536E+02     -2.1480562549905952E+02     -1.7585161886792181E+02     
4.8684819437644733E+06     -7.1453455184804201E+06     1.1765803446810914E+06     3.0151092465811772E+06     1.0656080179777268E+07     1.6018270154519875E+06     2.9526586333686538E+05     1.5278461843317181E+06     8.6205836124740972E+05     5.2920665905344998E+05     3.9719574678945506E+05     2.9264905517682264E+05     2.3227869857788822E+05     1.6022847303733270E+05     1.3854857883713971E+05     8.8320917076084050E+04     2.5823008436636152E+04     -8.7449548271239905E+02     1.1928768875972230E+03     -8.9099329163559059E+02     6.2436794249195460E+04     4.2899436365382397E+04     1.1594661693881499E+04     -3.6408617391284701E+04     2.7751975158901509E+01     2.4370824098914248E+01     1.7798412977327551E+01     1.2932033890124467E+01     
2.4367202049577974E+07     -3.6494522055499211E+07     6.8239370152533436E+06     1.0656080179777268E+07     8.1209098143016502E+07     1.4247075845040668E+07     2.9093972693166840E+06     6.1131336109575815E+06     5.1760007523333663E+06     4.0512846520569311E+06     3.6922807616616972E+06     3.2288083662166093E+06     3.0077110660060486E+06     2.4161391930841054E+06     2.4793019240836175E+06     2.0563619414800024E+06     1.2459676551896373E+06     4.1273596550360759E+02     3.3591869763668647E+03     1.9197850900670885E+03     2.4246688629425073E+05     2.3011307216485342E+05     1.9023844484000816E+05     1.7863445692287711E+05     2.9806518073746940E+01     2.6098034317258954E+01     1.9619271180758947E+01     1.6091371783956763E+01     
2.4014323464878756E+06     -6.3360802307873834E+06     6.2986409311239736E+05     1.6018270154519875E+06     1.4247075845040668E+07     3.0366254931018925E+06     6.2902007116390497E+05     1.1888750217316069E+06     9.9515721781782038E+05     7.9128854450146854E+05     7.3302103487936931E+05     6.4911789474420552E+05     6.1280500781233935E+05     4.9819452235925390E+05     5.1723353628243017E+05     4.3465925256558380E+05     2.6804563023916265E+05     1.3837638994534725E+03     -4.9722321867466349E+02     1.9482076199827345E+03     1.4470162466481928E+05     1.4775620437893789E+05     1.2918555527066212E+05     1.2747502198864360E+05     1.2524979887512920E+01     1.2484838465689563E+01     1.0369234440666938E+01     9.2896773427933663E+00     
5.9089664040688367E+05     -1.3118546080716739E+06     1.3531334605933228E+05     2.9526586333686538E+05     2.9093972693166840E+06     6.2902007116390497E+05     1.3509169531427117E+05     1.6451449657920349E+05     1.6931193227964354E+05     1.4904401886570433E+05     1.4777970600522286E+05     1.3830761611007864E+05     1.3694925219709054E+05     1.1607746427753034E+05     1.2546462539648169E+05     1.1020787682416361E+05     7.1580382951475854E+04     5.0672493686085807E+02     -5.5973970801772211E+01     7.6025346782518159E+02     3.0293754960488150E+04     3.3515624645734162E+04     3.1002574148440406E+04     3.2080025150951053E+04     2.3955703559422399E+00     2.6404605050506325E+00     2.3594192330607027E+00     2.2550660304260157E+00     
-8.8962413478363189E+05     -2.5473696067929165E+06     7.4785179530195391E+05     1.5278461843317181E+06     6.1131336109575815E+06     1.1888750217316069E+06     1.6451449657920349E+05     3.6806968087225873E+06     3.6867439097004331E+05     7.4579637016343304E+03     3.0845691680086966E+03     5.4922205655439529E+02     1.5427892823257412E+02     6.8743110331288449E+01     3.2063210535028396E+01     2.9667550561590126E+00     5.1580772807344042E+00     8.8958956105312851E+01     -2.5319208838211367E+02     5.0601592937636106E+01     0.0000000000000000E+00     0.0000000000000000E+00     0.0000000000000000E+00     0.0000000000000000E+00     0.0000000000000000E+00     0.0000000000000000E+00     0.0000000000000000E+00     0.0000000000000000E+00     
3.7218589203648822E+05     -2.0652465044475859E+06     5.3365262904553895E+05     8.6205836124740972E+05     5.1760007523333663E+06     9.9515721781782038E+05     1.6931193227964354E+05     3.6867439097004331E+05     1.9204031126855323E+06     3.5645230756514770E+05     9.2740734103555915E+03     2.4153593574643592E+03     3.9077074317351668E+02     2.9648095618094242E+01     1.2767738356571828E+01     1.7529002834770115E+00     1.8285114055483938E+00     -3.1676345383709901E+01     3.2734387160139569E+01     -3.1847850919032275E+01     0.0000000000000000E+00     0.0000000000000000E+00     0.0000000000000000E+00     0.0000000000000000E+00     0.0000000000000000E+00     0.0000000000000000E+00     0.0000000000000000E+00     0.0000000000000000E+00     
5.8428270729244302E+05     -1.6364096057418559E+06     3.9743264070867660E+05     5.2920665905344998E+05     4.0512846520569311E+06     7.9128854450146854E+05     1.4904401886570433E+05     7.4579637016343304E+03     3.5645230756514770E+05     1.1667630030946855E+06     3.4226550477388065E+05     8.7715292342529501E+03     2.0445159795427944E+03     2.9634982541952104E+02     2.9567585609890731E+01     6.2599169879881780E+00     8.4232295371034360E-01     1.6829254685432176E+01     3.0629601526208532E+00     1.6793889882236090E+01     0.0000000000000000E+00     0.0000000000000000E+00     0.0000000000000000E+00     0.0000000000000000E+00     0.0000000000000000E+00     0.0000000000000000E+00     0.0000000000000000E+00     0.0000000000000000E+00     
6.8915021277641365E+05     -1.5351094749248582E+06     3.5881232934462687E+05     3.9719574678945506E+05     3.6922807616616972E+06     7.3302103487936931E+05     1.4777970600522286E+05     3.0845691680086966E+03     9.2740734103555915E+03     3.4226550477388065E+05     9.5406055921028554E+05     3.0299571945290960E+05     1.0594263035663716E+04     1.8124643870149932E+03     2.4878988572593698E+02     1.7961425502507801E+01     5.0708128507135752E+00     5.0529957507633192E+00     -1.2047646438473556E+01     3.9920444392957268E+00     0.0000000000000000E+00     0.0000000000000000E+00     0.0000000000000000E+00     0.0000000000000000E+00     0.0000000000000000E+00     0.0000000000000000E+00     0.0000000000000000E+00     0.0000000000000000E+00     
7.2635042581195582E+05     -1.3956280914155706E+06     3.1835161798594403E+05     2.9264905517682264E+05     3.2288083662166093E+06     6.4911789474420552E+05     1.3830761611007864E+05     5.4922205655439529E+02     2.4153593574643592E+03     8.7715292342529501E+03     3.0299571945290960E+05     7.6887422730344767E+05     2.6905365463037620E+05     8.3701643151140051E+03     1.6859597021145892E+03     1.3519418339639250E+02     1.1055183065071175E+01     -9.5472666978177063E+00     1.0948982592807223E+01     -4.6817307969044997E+00     0.0000000000000000E+00     0.0000000000000000E+00     0.0000000000000000E+00     0.0000000000000000E+00     0.0000000000000000E+00     0.0000000000000000E+00     0.0000000000000000E+00     0.0000000000000000E+00     
7.7510076550114166E+05     -1.3586233169574495E+06     3.0526619846769981E+05     2.3227869857788822E+05     3.0077110660060486E+06     6.1280500781233935E+05     1.3694925219709054E+05     1.5427892823257412E+02     3.9077074317351668E+02     2.0445159795427944E+03     1.0594263035663716E+04     2.6905365463037620E+05     7.0717274389931094E+05     2.3236077092576431E+05     1.1667089305084401E+04     1.0434233871275653E+03     7.5383803295304290E+01     3.5429056199703808E+01     -5.1765747046577843E+01     3.7147649063773692E+01     0.0000000000000000E+00     0.0000000000000000E+00     0.0000000000000000E+00     0.0000000000000000E+00     0.0000000000000000E+00     0.0000000000000000E+00     0.0000000000000000E+00     0.0000000000000000E+00     
6.9458613186316390E+05     -1.1406931236389051E+06     2.5416763751731816E+05     1.6022847303733270E+05     2.4161391930841054E+06     4.9819452235925390E+05     1.1607746427753034E+05     6.8743110331288449E+01     2.9648095618094242E+01     2.9634982541952104E+02     1.8124643870149932E+03     8.3701643151140051E+03     2.3236077092576431E+05     5.2589823102327529E+05     1.9795776285916253E+05     4.9041546024247755E+03     3.8515365683417724E+02     3.8744727798820406E+01     -5.1221042979994117E+01     4.5882340096963745E+01     0.0000000000000000E+00     0.0000000000000000E+00     0.0000000000000000E+00     0.0000000000000000E+00     0.0000000000000000E+00     0.0000000000000000E+00     0.0000000000000000E+00     0.0000000000000000E+00     
7.8394836511374230E+05     -1.2204818240677097E+06     2.7064232338982041E+05     1.3854857883713971E+05     2.4793019240836175E+06     5.1723353628243017E+05     1.2546462539648169E+05     3.2063210535028396E+01     1.2767738356571828E+01     2.9567585609890731E+01     2.4878988572593698E+02     1.6859597021145892E+03     1.1667089305084401E+04     1.9795776285916253E+05     6.1927378368066018E+05     1.5128944376847881E+05     2.7697490765420971E+03     5.5425843402438012E+01     -1.2173009776826868E+01     8.3181638209855706E+01     0.0000000000000000E+00     0.0000000000000000E+00     0.0000000000000000E+00     0.0000000000000000E+00     0.0000000000000000E+00     0.0000000000000000E+00     0.0000000000000000E+00     0.0000000000000000E+00     
7.0767874538254808E+05     -1.0434908250546564E+06     2.3035171087176114E+05     8.8320917076084050E+04     2.0563619414800024E+06     4.3465925256558380E+05     1.1020787682416361E+05     2.9667550561590126E+00     1.7529002834770115E+00     6.2599169879881780E+00     1.7961425502507801E+01     1.3519418339639250E+02     1.0434233871275653E+03     4.9041546024247755E+03     1.5128944376847881E+05     5.7842192385521531E+05     7.5901766568046485E+04     -4.8659511910698924E+01     -2.6634195806224664E+01     -9.5821573034174037E+01     0.0000000000000000E+00     0.0000000000000000E+00     0.0000000000000000E+00     0.0000000000000000E+00     0.0000000000000000E+00     0.0000000000000000E+00     0.0000000000000000E+00     0.0000000000000000E+00     
4.4478312578321167E+05     -6.0544469384925475E+05     1.3187395754355603E+05     2.5823008436636152E+04     1.2459676551896373E+06     2.6804563023916265E+05     7.1580382951475854E+04     5.1580772807344042E+00     1.8285114055483938E+00     8.4232295371034360E-01     5.0708128507135752E+00     1.1055183065071175E+01     7.5383803295304290E+01     3.8515365683417724E+02     2.7697490765420971E+03     7.5901766568046485E+04     4.0463801315574994E+05     -2.6722466281592790E+02     -1.5516124379031544E+02     -4.6752653378353557E+02     0.0000000000000000E+00     0.0000000000000000E+00     0.0000000000000000E+00     0.0000000000000000E+00     0.0000000000000000E+00     0.0000000000000000E+00     0.0000000000000000E+00     0.0000000000000000E+00     
1.7721546296064451E+04     2.7843229705164708E+02     -2.0747360541908455E+02     -8.7449548271239905E+02     4.1273596550360759E+02     1.3837638994534725E+03     5.0672493686085807E+02     8.8958956105312851E+01     -3.1676345383709901E+01     1.6829254685432176E+01     5.0529957507633192E+00     -9.5472666978177063E+00     3.5429056199703808E+01     3.8744727798820406E+01     5.5425843402438012E+01     -4.8659511910698924E+01     -2.6722466281592790E+02     3.6203682350510685E+03     5.9294325691744257E+02     5.7955524005898287E+03     0.0000000000000000E+00     0.0000000000000000E+00     0.0000000000000000E+00     0.0000000000000000E+00     0.0000000000000000E+00     0.0000000000000000E+00     0.0000000000000000E+00     0.0000000000000000E+00     
1.0023745082986516E+04     -1.9062464275324678E+03     5.8278111443211412E+02     1.1928768875972230E+03     3.3591869763668647E+03     -4.9722321867466349E+02     -5.5973970801772211E+01     -2.5319208838211367E+02     3.2734387160139569E+01     3.0629601526208532E+00     -1.2047646438473556E+01     1.0948982592807223E+01     -5.1765747046577843E+01     -5.1221042979994117E+01     -1.2173009776826868E+01     -2.6634195806224664E+01     -1.5516124379031544E+02     5.9294325691744257E+02     1.5003613950238571E+03     1.4702124496040910E+03     0.0000000000000000E+00     0.0000000000000000E+00     0.0000000000000000E+00     0.0000000000000000E+00     0.0000000000000000E+00     0.0000000000000000E+00     0.0000000000000000E+00     0.0000000000000000E+00     
3.1062976746914937E+04     -2.9594938323413322E+02     -9.7529065737776349E+01     -8.9099329163559059E+02     1.9197850900670885E+03     1.9482076199827345E+03     7.6025346782518159E+02     5.0601592937636106E+01     -3.1847850919032275E+01     1.6793889882236090E+01     3.9920444392957268E+00     -4.6817307969044997E+00     3.7147649063773692E+01     4.5882340096963745E+01     8.3181638209855706E+01     -9.5821573034174037E+01     -4.6752653378353557E+02     5.7955524005898287E+03     1.4702124496040910E+03     9.4737894738922878E+03     0.0000000000000000E+00     0.0000000000000000E+00     0.0000000000000000E+00     0.0000000000000000E+00     0.0000000000000000E+00     0.0000000000000000E+00     0.0000000000000000E+00     0.0000000000000000E+00     
8.9444035215745401E+05     -3.2584763626618794E+05     -2.4194626714747651E+06     6.2436794249195460E+04     2.4246688629425073E+05     1.4470162466481928E+05     3.0293754960488150E+04     0.0000000000000000E+00     0.0000000000000000E+00     0.0000000000000000E+00     0.0000000000000000E+00     0.0000000000000000E+00     0.0000000000000000E+00     0.0000000000000000E+00     0.0000000000000000E+00     0.0000000000000000E+00     0.0000000000000000E+00     0.0000000000000000E+00     0.0000000000000000E+00     0.0000000000000000E+00     1.2720763045902052E+06     0.0000000000000000E+00     0.0000000000000000E+00     0.0000000000000000E+00     1.4336552046391793E+02     0.0000000000000000E+00     0.0000000000000000E+00     0.0000000000000000E+00     
8.9534047120326303E+05     -2.5990993510472641E+05     -2.3253792669071490E+06     4.2899436365382397E+04     2.3011307216485342E+05     1.4775620437893789E+05     3.3515624645734162E+04     0.0000000000000000E+00     0.0000000000000000E+00     0.0000000000000000E+00     0.0000000000000000E+00     0.0000000000000000E+00     0.0000000000000000E+00     0.0000000000000000E+00     0.0000000000000000E+00     0.0000000000000000E+00     0.0000000000000000E+00     0.0000000000000000E+00     0.0000000000000000E+00     0.0000000000000000E+00     0.0000000000000000E+00     1.2569726738325001E+06     0.0000000000000000E+00     0.0000000000000000E+00     0.0000000000000000E+00     1.3283260532114164E+02     0.0000000000000000E+00     0.0000000000000000E+00     
7.5617461905982892E+05     -1.3938416233302688E+05     -1.9271675033734031E+06     1.1594661693881499E+04     1.9023844484000816E+05     1.2918555527066212E+05     3.1002574148440406E+04     0.0000000000000000E+00     0.0000000000000000E+00     0.0000000000000000E+00     0.0000000000000000E+00     0.0000000000000000E+00     0.0000000000000000E+00     0.0000000000000000E+00     0.0000000000000000E+00     0.0000000000000000E+00     0.0000000000000000E+00     0.0000000000000000E+00     0.0000000000000000E+00     0.0000000000000000E+00     0.0000000000000000E+00     0.0000000000000000E+00     1.0734789204980927E+06     0.0000000000000000E+00     0.0000000000000000E+00     0.0000000000000000E+00     1.0522958818267324E+02     0.0000000000000000E+00     
6.7824324566811440E+05     2.7241182162905578E+04     -1.7706726324546314E+06     -3.6408617391284701E+04     1.7863445692287711E+05     1.2747502198864360E+05     3.2080025150951053E+04     0.0000000000000000E+00     0.0000000000000000E+00     0.0000000000000000E+00     0.0000000000000000E+00     0.0000000000000000E+00     0.0000000000000000E+00     0.0000000000000000E+00     0.0000000000000000E+00     0.0000000000000000E+00     0.0000000000000000E+00     0.0000000000000000E+00     0.0000000000000000E+00     0.0000000000000000E+00     0.0000000000000000E+00     0.0000000000000000E+00     0.0000000000000000E+00     1.0251910324474273E+06     0.0000000000000000E+00     0.0000000000000000E+00     0.0000000000000000E+00     9.0449338752601292E+01     
1.2735458304685162E+02     -9.8647188477653600E+01     -3.1590821633245173E+02     2.7751975158901509E+01     2.9806518073746940E+01     1.2524979887512920E+01     2.3955703559422399E+00     0.0000000000000000E+00     0.0000000000000000E+00     0.0000000000000000E+00     0.0000000000000000E+00     0.0000000000000000E+00     0.0000000000000000E+00     0.0000000000000000E+00     0.0000000000000000E+00     0.0000000000000000E+00     0.0000000000000000E+00     0.0000000000000000E+00     0.0000000000000000E+00     0.0000000000000000E+00     1.4336552046391793E+02     0.0000000000000000E+00     0.0000000000000000E+00     0.0000000000000000E+00     2.4009603971233643E-02     0.0000000000000000E+00     0.0000000000000000E+00     0.0000000000000000E+00     
1.1969544607846998E+02     -8.7152415059459486E+01     -2.8202632965596536E+02     2.4370824098914248E+01     2.6098034317258954E+01     1.2484838465689563E+01     2.6404605050506325E+00     0.0000000000000000E+00     0.0000000000000000E+00     0.0000000000000000E+00     0.0000000000000000E+00     0.0000000000000000E+00     0.0000000000000000E+00     0.0000000000000000E+00     0.0000000000000000E+00     0.0000000000000000E+00     0.0000000000000000E+00     0.0000000000000000E+00     0.0000000000000000E+00     0.0000000000000000E+00     0.0000000000000000E+00     1.3283260532114164E+02     0.0000000000000000E+00     0.0000000000000000E+00     0.0000000000000000E+00     2.0978325585128542E-02     0.0000000000000000E+00     0.0000000000000000E+00     
9.5621381618510796E+01     -6.4469226106584614E+01     -2.1480562549905952E+02     1.7798412977327551E+01     1.9619271180758947E+01     1.0369234440666938E+01     2.3594192330607027E+00     0.0000000000000000E+00     0.0000000000000000E+00     0.0000000000000000E+00     0.0000000000000000E+00     0.0000000000000000E+00     0.0000000000000000E+00     0.0000000000000000E+00     0.0000000000000000E+00     0.0000000000000000E+00     0.0000000000000000E+00     0.0000000000000000E+00     0.0000000000000000E+00     0.0000000000000000E+00     0.0000000000000000E+00     0.0000000000000000E+00     1.0522958818267324E+02     0.0000000000000000E+00     0.0000000000000000E+00     0.0000000000000000E+00     1.5645647928733096E-02     0.0000000000000000E+00     
8.1877675217014158E+01     -4.8362191295289328E+01     -1.7585161886792181E+02     1.2932033890124467E+01     1.6091371783956763E+01     9.2896773427933663E+00     2.2550660304260157E+00     0.0000000000000000E+00     0.0000000000000000E+00     0.0000000000000000E+00     0.0000000000000000E+00     0.0000000000000000E+00     0.0000000000000000E+00     0.0000000000000000E+00     0.0000000000000000E+00     0.0000000000000000E+00     0.0000000000000000E+00     0.0000000000000000E+00     0.0000000000000000E+00     0.0000000000000000E+00     0.0000000000000000E+00     0.0000000000000000E+00     0.0000000000000000E+00     9.0449338752601292E+01     0.0000000000000000E+00     0.0000000000000000E+00     0.0000000000000000E+00     1.2576475301880104E-02     
