#
# This file contains a Fisher matrix created with the CosmicFish code.
#
# The parameters of this Fisher matrix are:
#
#    1    wa    w_a    0.0
#    2    w0    w_0    -1.0
#    3    Omegab    \Omega_{\mathrm{b}, 0}    0.05
#    4    h    h    0.67
#    5    ns    n_\mathrm{s}    0.96
#    6    sigma8    \sigma_8    0.815584
#    7    Omegam    \Omega_{\mathrm{m}, 0}    0.32
#    8    b1    b_1    1.0998
#    9    b2    b_2    1.2202
#    10    b3    b_3    1.2724
#    11    b4    b_4    1.3166
#    12    b5    b_5    1.3581
#    13    b6    b_6    1.3998
#    14    b7    b_7    1.4446
#    15    b8    b_8    1.4965
#    16    b9    b_9    1.5652
#    17    b10    b_10    1.743
#    18    AIA    A_\mathrm{IA}    1.72
#    19    etaIA    \eta_mathrm{IA}    -0.41
#    20    Ps_1    Ps_1    0.0
#    21    Ps_2    Ps_2    0.0
#    22    Ps_3    Ps_3    0.0
#    23    Ps_4    Ps_4    0.0
#    24    lnbgs8_1    lnbgs8_1    -0.3255807310587479
#    25    lnbgs8_2    lnbgs8_2    -0.3160462157381254
#    26    lnbgs8_3    lnbgs8_3    -0.3116576878035215
#    27    lnbgs8_4    lnbgs8_4    -0.320278300814655
#
1.8757050095141956E+04     8.2554748032149306E+04     2.7727149854066247E+04     -1.5681063841170387E+05     -4.9098265785951655E+04     2.2288596562422070E+05     -3.3461909119395277E+04     2.2087909428441882E+04     1.8733275982245919E+04     1.6331614497460094E+04     1.5480046446520417E+04     1.4108330099031758E+04     1.3973123450514215E+04     1.2120032686164395E+04     1.4176625866582432E+04     1.4750783326738270E+04     1.3524920324282508E+04     6.5868067855751278E+01     1.1975215657466063E+02     1.6214295966233279E+00     1.8036541388232332E+00     1.6523185328160999E+00     1.6582319737462887E+00     2.5210959821904282E+04     2.8376713657781576E+04     2.6852753530507816E+04     2.8757086510388006E+04     
8.2554748032149306E+04     3.8750294410796033E+05     8.7943235084634100E+04     -8.0215528803961456E+05     -2.1591032837195188E+05     1.0893306384282720E+06     -3.0478204615818197E+05     1.6526895799103333E+05     1.0958684073369684E+05     8.4351545599638295E+04     7.4140984404139206E+04     6.3729606761885487E+04     6.0284263812061487E+04     5.0396121626346532E+04     5.7011036254160455E+04     5.7262163492100401E+04     5.0352277060081396E+04     5.0868532450783292E+01     1.2356388716672856E+02     8.4124757588166155E+00     8.5185700875662853E+00     7.2902630039971257E+00     6.8913042340278601E+00     1.2260191333207444E+05     1.2731663041287706E+05     1.1382440998407047E+05     1.1618166341407641E+05     
2.7727149854066247E+04     8.7943235084634100E+04     7.0693697981464984E+06     -4.9271113200652087E+05     -1.2953256356796655E+06     -7.9061365504331270E+05     -3.1710571042973464E+06     -7.5618951260764821E+04     -6.8475581270219598E+04     -4.6217818072543196E+04     -3.4677090892348613E+04     -2.1322397874229984E+04     -1.0516749527365453E+04     3.1011868449564699E+03     1.8256880657434405E+04     3.3686091438471783E+04     6.4346170131731626E+04     6.7856834116440928E+02     8.2901582810020068E+02     -3.8506658846299018E+01     -3.5063266624052680E+01     -2.6712611974839493E+01     -2.0286108313392816E+01     -7.1064483403172926E+04     -3.0790507813370961E+04     3.1518757081804295E+04     1.5546411040767789E+05     
-1.5681063841170387E+05     -8.0215528803961456E+05     -4.9271113200652087E+05     1.4207439595879601E+07     2.2639440360359190E+05     -1.6832430816766517E+06     -3.5368207199495598E+06     7.8969856847776227E+03     5.8864490393176375E+03     2.0963183675064738E+03     -1.9676642692474516E+02     -2.5406178704940749E+03     -5.0810150752301997E+03     -7.1586384217487175E+03     -1.1418731620020120E+04     -1.5869470897250023E+04     -2.0568575989425230E+04     -1.7926098467249224E+02     -2.0885801427250937E+02     -1.7232727335616522E+02     -1.5921201207822733E+02     -1.2702340886074099E+02     -1.1168977251002784E+02     -1.8603742467688110E+06     -1.8252107235702141E+06     -1.5566524264130369E+06     -1.4955622558404044E+06     
-4.9098265785951655E+04     -2.1591032837195188E+05     -1.2953256356796655E+06     2.2639440360359190E+05     4.6614982019008184E+05     -5.0362520164058165E+05     7.5990379686604021E+05     -1.9238416251730854E+04     -3.0395723755213490E+04     -3.2682451520492403E+04     -3.5118015823610593E+04     -3.5413495379647196E+04     -3.8205462899737686E+04     -3.5691339972714413E+04     -4.4117701529124788E+04     -4.7858257218055624E+04     -4.5905493002503194E+04     -3.9498844363849753E+02     -4.6792071960418571E+02     8.5848203120112654E+00     7.5462768585329236E+00     5.4403454899484371E+00     3.5984371206618317E+00     -1.8429939210774879E+04     -3.0771036014624966E+04     -4.4051429945327822E+04     -7.8758219266797154E+04     
2.2288596562422070E+05     1.0893306384282720E+06     -7.9061365504331270E+05     -1.6832430816766517E+06     -5.0362520164058165E+05     7.5539585891268402E+06     2.6518106315948884E+06     5.5694607196164702E+05     4.2400531420274713E+05     3.1687559978803375E+05     2.8463312956414209E+05     2.5170029039663487E+05     2.4418347943548288E+05     2.0943704136995651E+05     2.4056492885221075E+05     2.4264597880276304E+05     2.1250509303258924E+05     -9.2807787049031799E+02     -5.4615998618045046E+02     1.7944019883470993E+01     1.6248464910243836E+01     1.2778784738949021E+01     1.1230834831714693E+01     2.0233904217011196E+05     1.9538704622847773E+05     1.6546233871449743E+05     1.6128702433450625E+05     
-3.3461909119395277E+04     -3.0478204615818197E+05     -3.1710571042973464E+06     -3.5368207199495598E+06     7.5990379686604021E+05     2.6518106315948884E+06     8.2231736994593795E+06     -6.3795592292422510E+05     -1.5985583440487657E+05     -7.9582103281087679E+04     -4.3890117463691597E+04     -2.0970626900468735E+04     -9.5564404233167224E+03     -2.7307322876336393E+03     -7.0443311075447264E+02     -2.4389944837167150E+03     -1.1254041988689711E+04     9.2010962762450908E+03     1.6001816090713004E+04     6.5498713512313998E+01     6.3824023561120100E+01     5.3299120685542874E+01     4.8633515763563665E+01     6.0763174300429632E+05     6.2513207368404325E+05     5.4505172288469807E+05     5.0986041058418644E+05     
2.2087909428441882E+04     1.6526895799103333E+05     -7.5618951260764821E+04     7.8969856847776227E+03     -1.9238416251730854E+04     5.5694607196164702E+05     -6.3795592292422510E+05     5.0655746711825725E+05     4.3082538947029811E+04     4.7576027996453013E+02     6.4347099854202906E+02     1.2126143393682279E+01     4.2822247390654567E+01     4.9716659282231586E+00     3.5887411401522336E+00     -1.5444582700446574E-02     1.3374769032939398E+00     -7.3059237430345387E+00     -3.7020473264103373E+00     0.0000000000000000E+00     0.0000000000000000E+00     0.0000000000000000E+00     0.0000000000000000E+00     0.0000000000000000E+00     0.0000000000000000E+00     0.0000000000000000E+00     0.0000000000000000E+00     
1.8733275982245919E+04     1.0958684073369684E+05     -6.8475581270219598E+04     5.8864490393176375E+03     -3.0395723755213490E+04     4.2400531420274713E+05     -1.5985583440487657E+05     4.3082538947029811E+04     2.3011091913108801E+05     3.2249722011871956E+04     4.0687687885947945E+01     7.0116652014172223E+02     -2.2022168960068143E+01     2.1427977381274776E+01     5.7252673024045428E+00     9.0256484980770324E-02     8.6673973618018607E-01     -6.5344741008577444E+01     -4.8150057956398456E+01     0.0000000000000000E+00     0.0000000000000000E+00     0.0000000000000000E+00     0.0000000000000000E+00     0.0000000000000000E+00     0.0000000000000000E+00     0.0000000000000000E+00     0.0000000000000000E+00     
1.6331614497460094E+04     8.4351545599638295E+04     -4.6217818072543196E+04     2.0963183675064738E+03     -3.2682451520492403E+04     3.1687559978803375E+05     -7.9582103281087679E+04     4.7576027996453013E+02     3.2249722011871956E+04     1.5245998919183950E+05     3.2972020728478543E+04     -1.6954179036718156E+02     5.6091498250485074E+02     1.3129536503533895E+01     4.2398387462675338E+00     5.2691392982296463E+00     3.1218596045683000E-02     -7.4670444193493680E+01     -6.1508866688144721E+01     0.0000000000000000E+00     0.0000000000000000E+00     0.0000000000000000E+00     0.0000000000000000E+00     0.0000000000000000E+00     0.0000000000000000E+00     0.0000000000000000E+00     0.0000000000000000E+00     
1.5480046446520417E+04     7.4140984404139206E+04     -3.4677090892348613E+04     -1.9676642692474516E+02     -3.5118015823610593E+04     2.8463312956414209E+05     -4.3890117463691597E+04     6.4347099854202906E+02     4.0687687885947945E+01     3.2972020728478543E+04     1.2283346270516938E+05     2.9585461078283970E+04     1.9278288404032824E+02     4.0064849165291071E+02     5.1100989411606029E+01     6.5539422062001478E+00     3.8969426112292780E+00     -1.2633720116041083E+02     -1.2072251129707936E+02     0.0000000000000000E+00     0.0000000000000000E+00     0.0000000000000000E+00     0.0000000000000000E+00     0.0000000000000000E+00     0.0000000000000000E+00     0.0000000000000000E+00     0.0000000000000000E+00     
1.4108330099031758E+04     6.3729606761885487E+04     -2.1322397874229984E+04     -2.5406178704940749E+03     -3.5413495379647196E+04     2.5170029039663487E+05     -2.0970626900468735E+04     1.2126143393682279E+01     7.0116652014172223E+02     -1.6954179036718156E+02     2.9585461078283970E+04     9.9380274016123236E+04     2.6762794876633274E+04     4.3104174007840709E+02     3.4581650496090799E+02     5.7570966383372195E+01     7.5653885097270646E+00     -8.6377955587585248E+01     -8.7102777290926340E+01     0.0000000000000000E+00     0.0000000000000000E+00     0.0000000000000000E+00     0.0000000000000000E+00     0.0000000000000000E+00     0.0000000000000000E+00     0.0000000000000000E+00     0.0000000000000000E+00     
1.3973123450514215E+04     6.0284263812061487E+04     -1.0516749527365453E+04     -5.0810150752301997E+03     -3.8205462899737686E+04     2.4418347943548288E+05     -9.5564404233167224E+03     4.2822247390654567E+01     -2.2022168960068143E+01     5.6091498250485074E+02     1.9278288404032824E+02     2.6762794876633274E+04     9.3102096279342542E+04     2.3608538003408547E+04     9.5981377463349941E+02     2.7226514153296466E+02     4.8906765630282621E+01     -4.5906675859686615E+01     -5.6645354062140285E+01     0.0000000000000000E+00     0.0000000000000000E+00     0.0000000000000000E+00     0.0000000000000000E+00     0.0000000000000000E+00     0.0000000000000000E+00     0.0000000000000000E+00     0.0000000000000000E+00     
1.2120032686164395E+04     5.0396121626346532E+04     3.1011868449564699E+03     -7.1586384217487175E+03     -3.5691339972714413E+04     2.0943704136995651E+05     -2.7307322876336393E+03     4.9716659282231586E+00     2.1427977381274776E+01     1.3129536503533895E+01     4.0064849165291071E+02     4.3104174007840709E+02     2.3608538003408547E+04     7.4010621121436867E+04     1.9724423545600584E+04     6.9054443331427569E+02     1.1432010081705397E+02     -3.4245426470984555E+01     -4.6340139894002249E+01     0.0000000000000000E+00     0.0000000000000000E+00     0.0000000000000000E+00     0.0000000000000000E+00     0.0000000000000000E+00     0.0000000000000000E+00     0.0000000000000000E+00     0.0000000000000000E+00     
1.4176625866582432E+04     5.7011036254160455E+04     1.8256880657434405E+04     -1.1418731620020120E+04     -4.4117701529124788E+04     2.4056492885221075E+05     -7.0443311075447264E+02     3.5887411401522336E+00     5.7252673024045428E+00     4.2398387462675338E+00     5.1100989411606029E+01     3.4581650496090799E+02     9.5981377463349941E+02     1.9724423545600584E+04     9.2000190215921903E+04     1.6336646109272102E+04     6.1096954736312114E+02     -3.5776267709913462E+01     -4.3220634096157795E+01     0.0000000000000000E+00     0.0000000000000000E+00     0.0000000000000000E+00     0.0000000000000000E+00     0.0000000000000000E+00     0.0000000000000000E+00     0.0000000000000000E+00     0.0000000000000000E+00     
1.4750783326738270E+04     5.7262163492100401E+04     3.3686091438471783E+04     -1.5869470897250023E+04     -4.7858257218055624E+04     2.4264597880276304E+05     -2.4389944837167150E+03     -1.5444582700446574E-02     9.0256484980770324E-02     5.2691392982296463E+00     6.5539422062001478E+00     5.7570966383372195E+01     2.7226514153296466E+02     6.9054443331427569E+02     1.6336646109272102E+04     9.5229103126060931E+04     1.1190730389491093E+04     -1.4788559198096522E+02     -2.5261461953938351E+02     0.0000000000000000E+00     0.0000000000000000E+00     0.0000000000000000E+00     0.0000000000000000E+00     0.0000000000000000E+00     0.0000000000000000E+00     0.0000000000000000E+00     0.0000000000000000E+00     
1.3524920324282508E+04     5.0352277060081396E+04     6.4346170131731626E+04     -2.0568575989425230E+04     -4.5905493002503194E+04     2.1250509303258924E+05     -1.1254041988689711E+04     1.3374769032939398E+00     8.6673973618018607E-01     3.1218596045683000E-02     3.8969426112292780E+00     7.5653885097270646E+00     4.8906765630282621E+01     1.1432010081705397E+02     6.1096954736312114E+02     1.1190730389491093E+04     8.6849158513856615E+04     -3.5910650678032778E+02     -6.3244451513525610E+02     0.0000000000000000E+00     0.0000000000000000E+00     0.0000000000000000E+00     0.0000000000000000E+00     0.0000000000000000E+00     0.0000000000000000E+00     0.0000000000000000E+00     0.0000000000000000E+00     
6.5868067855751278E+01     5.0868532450783292E+01     6.7856834116440928E+02     -1.7926098467249224E+02     -3.9498844363849753E+02     -9.2807787049031799E+02     9.2010962762450908E+03     -7.3059237430345387E+00     -6.5344741008577444E+01     -7.4670444193493680E+01     -1.2633720116041083E+02     -8.6377955587585248E+01     -4.5906675859686615E+01     -3.4245426470984555E+01     -3.5776267709913462E+01     -1.4788559198096522E+02     -3.5910650678032778E+02     1.8143013603568945E+03     2.9527407442058375E+03     0.0000000000000000E+00     0.0000000000000000E+00     0.0000000000000000E+00     0.0000000000000000E+00     0.0000000000000000E+00     0.0000000000000000E+00     0.0000000000000000E+00     0.0000000000000000E+00     
1.1975215657466063E+02     1.2356388716672856E+02     8.2901582810020068E+02     -2.0885801427250937E+02     -4.6792071960418571E+02     -5.4615998618045046E+02     1.6001816090713004E+04     -3.7020473264103373E+00     -4.8150057956398456E+01     -6.1508866688144721E+01     -1.2072251129707936E+02     -8.7102777290926340E+01     -5.6645354062140285E+01     -4.6340139894002249E+01     -4.3220634096157795E+01     -2.5261461953938351E+02     -6.3244451513525610E+02     2.9527407442058375E+03     4.8900668777739857E+03     0.0000000000000000E+00     0.0000000000000000E+00     0.0000000000000000E+00     0.0000000000000000E+00     0.0000000000000000E+00     0.0000000000000000E+00     0.0000000000000000E+00     0.0000000000000000E+00     
1.6214295966233279E+00     8.4124757588166155E+00     -3.8506658846299018E+01     -1.7232727335616522E+02     8.5848203120112654E+00     1.7944019883470993E+01     6.5498713512313998E+01     0.0000000000000000E+00     0.0000000000000000E+00     0.0000000000000000E+00     0.0000000000000000E+00     0.0000000000000000E+00     0.0000000000000000E+00     0.0000000000000000E+00     0.0000000000000000E+00     0.0000000000000000E+00     0.0000000000000000E+00     0.0000000000000000E+00     0.0000000000000000E+00     9.3963482468730989E-03     0.0000000000000000E+00     0.0000000000000000E+00     0.0000000000000000E+00     8.4045120881515970E+01     0.0000000000000000E+00     0.0000000000000000E+00     0.0000000000000000E+00     
1.8036541388232332E+00     8.5185700875662853E+00     -3.5063266624052680E+01     -1.5921201207822733E+02     7.5462768585329236E+00     1.6248464910243836E+01     6.3824023561120100E+01     0.0000000000000000E+00     0.0000000000000000E+00     0.0000000000000000E+00     0.0000000000000000E+00     0.0000000000000000E+00     0.0000000000000000E+00     0.0000000000000000E+00     0.0000000000000000E+00     0.0000000000000000E+00     0.0000000000000000E+00     0.0000000000000000E+00     0.0000000000000000E+00     0.0000000000000000E+00     8.5631831716850189E-03     0.0000000000000000E+00     0.0000000000000000E+00     0.0000000000000000E+00     8.0230672810478751E+01     0.0000000000000000E+00     -6.7515437685017332E-15     
1.6523185328160999E+00     7.2902630039971257E+00     -2.6712611974839493E+01     -1.2702340886074099E+02     5.4403454899484371E+00     1.2778784738949021E+01     5.3299120685542874E+01     0.0000000000000000E+00     0.0000000000000000E+00     0.0000000000000000E+00     0.0000000000000000E+00     0.0000000000000000E+00     0.0000000000000000E+00     0.0000000000000000E+00     0.0000000000000000E+00     0.0000000000000000E+00     0.0000000000000000E+00     0.0000000000000000E+00     0.0000000000000000E+00     0.0000000000000000E+00     0.0000000000000000E+00     6.7459994211713442E-03     0.0000000000000000E+00     0.0000000000000000E+00     0.0000000000000000E+00     6.6204658147917115E+01     0.0000000000000000E+00     
1.6582319737462887E+00     6.8913042340278601E+00     -2.0286108313392816E+01     -1.1168977251002784E+02     3.5984371206618317E+00     1.1230834831714693E+01     4.8633515763563665E+01     0.0000000000000000E+00     0.0000000000000000E+00     0.0000000000000000E+00     0.0000000000000000E+00     0.0000000000000000E+00     0.0000000000000000E+00     0.0000000000000000E+00     0.0000000000000000E+00     0.0000000000000000E+00     0.0000000000000000E+00     0.0000000000000000E+00     0.0000000000000000E+00     0.0000000000000000E+00     0.0000000000000000E+00     0.0000000000000000E+00     5.8831899057745825E-03     0.0000000000000000E+00     0.0000000000000000E+00     0.0000000000000000E+00     6.0631029459646683E+01     
2.5210959821904282E+04     1.2260191333207444E+05     -7.1064483403172926E+04     -1.8603742467688110E+06     -1.8429939210774879E+04     2.0233904217011196E+05     6.0763174300429632E+05     0.0000000000000000E+00     0.0000000000000000E+00     0.0000000000000000E+00     0.0000000000000000E+00     0.0000000000000000E+00     0.0000000000000000E+00     0.0000000000000000E+00     0.0000000000000000E+00     0.0000000000000000E+00     0.0000000000000000E+00     0.0000000000000000E+00     0.0000000000000000E+00     8.4045120881515970E+01     0.0000000000000000E+00     0.0000000000000000E+00     0.0000000000000000E+00     1.0073551373080458E+06     0.0000000000000000E+00     0.0000000000000000E+00     3.2656544135534205E-11     
2.8376713657781576E+04     1.2731663041287706E+05     -3.0790507813370961E+04     -1.8252107235702141E+06     -3.0771036014624966E+04     1.9538704622847773E+05     6.2513207368404325E+05     0.0000000000000000E+00     0.0000000000000000E+00     0.0000000000000000E+00     0.0000000000000000E+00     0.0000000000000000E+00     0.0000000000000000E+00     0.0000000000000000E+00     0.0000000000000000E+00     0.0000000000000000E+00     0.0000000000000000E+00     0.0000000000000000E+00     0.0000000000000000E+00     0.0000000000000000E+00     8.0230672810478751E+01     0.0000000000000000E+00     0.0000000000000000E+00     0.0000000000000000E+00     1.0138676733006809E+06     0.0000000000000000E+00     0.0000000000000000E+00     
2.6852753530507816E+04     1.1382440998407047E+05     3.1518757081804295E+04     -1.5566524264130369E+06     -4.4051429945327822E+04     1.6546233871449743E+05     5.4505172288469807E+05     0.0000000000000000E+00     0.0000000000000000E+00     0.0000000000000000E+00     0.0000000000000000E+00     0.0000000000000000E+00     0.0000000000000000E+00     0.0000000000000000E+00     0.0000000000000000E+00     0.0000000000000000E+00     0.0000000000000000E+00     0.0000000000000000E+00     0.0000000000000000E+00     0.0000000000000000E+00     0.0000000000000000E+00     6.6204658147917115E+01     0.0000000000000000E+00     0.0000000000000000E+00     0.0000000000000000E+00     8.8818352920597931E+05     -3.3736569093889557E-11     
2.8757086510388006E+04     1.1618166341407641E+05     1.5546411040767789E+05     -1.4955622558404044E+06     -7.8758219266797154E+04     1.6128702433450625E+05     5.0986041058418644E+05     0.0000000000000000E+00     0.0000000000000000E+00     0.0000000000000000E+00     0.0000000000000000E+00     0.0000000000000000E+00     0.0000000000000000E+00     0.0000000000000000E+00     0.0000000000000000E+00     0.0000000000000000E+00     0.0000000000000000E+00     0.0000000000000000E+00     0.0000000000000000E+00     0.0000000000000000E+00     -6.7515437685017332E-15     0.0000000000000000E+00     6.0631029459646683E+01     3.2656544135534205E-11     0.0000000000000000E+00     -3.3736569093889557E-11     8.8232302422595827E+05     
