#
# This file contains a Fisher matrix created with the CosmicFish code.
#
# The parameters of this Fisher matrix are:
#
#    1    wa    w_a    0.0
#    2    w0    w_0    -1.0
#    3    Omegab    \Omega_{\mathrm{b}, 0}    0.05
#    4    h    h    0.67
#    5    ns    n_\mathrm{s}    0.96
#    6    sigma8    \sigma_8    0.815584
#    7    Omegam    \Omega_{\mathrm{m}, 0}    0.32
#    8    b1    b_1    1.0998
#    9    b2    b_2    1.2202
#    10    b3    b_3    1.2724
#    11    b4    b_4    1.3166
#    12    b5    b_5    1.3581
#    13    b6    b_6    1.3998
#    14    b7    b_7    1.4446
#    15    b8    b_8    1.4965
#    16    b9    b_9    1.5652
#    17    b10    b_10    1.743
#    18    AIA    A_\mathrm{IA}    1.72
#    19    etaIA    \eta_mathrm{IA}    -0.41
#    20    Ps_1    Ps_1    0.0
#    21    Ps_2    Ps_2    0.0
#    22    Ps_3    Ps_3    0.0
#    23    Ps_4    Ps_4    0.0
#    24    lnbgs8_1    lnbgs8_1    -0.3255807310587479
#    25    lnbgs8_2    lnbgs8_2    -0.3160462157381254
#    26    lnbgs8_3    lnbgs8_3    -0.3116576878035215
#    27    lnbgs8_4    lnbgs8_4    -0.320278300814655
#
1.8728068264098067E+04     8.2688648367203947E+04     2.7376262988971208E+04     -1.6366033455079418E+05     -4.9136846920284661E+04     2.2419222183799752E+05     -3.3330759815783560E+04     2.2087909428441882E+04     1.8733275982245919E+04     1.6331614497460094E+04     1.5480046446520417E+04     1.4108330099031758E+04     1.3973123450514215E+04     1.2120032686164395E+04     1.4176625866582432E+04     1.4750783326738270E+04     1.3524920324282508E+04     6.5868067855751278E+01     1.1975215657466063E+02     1.6875455156782642E+00     1.8588262407153218E+00     1.6899102708830016E+00     1.6833156174242936E+00     2.5798379490676638E+04     2.8921618377254374E+04     2.7268370373115045E+04     2.9072452788000137E+04     
8.2688648367203947E+04     3.8750864156948548E+05     8.6359460164516029E+04     -8.0378409150089056E+05     -2.1566251274477001E+05     1.0887943313025767E+06     -2.9989572775460721E+05     1.6526895799103333E+05     1.0958684073369684E+05     8.4351545599638295E+04     7.4140984404139206E+04     6.3729606761885487E+04     6.0284263812061487E+04     5.0396121626346532E+04     5.7011036254160455E+04     5.7262163492100401E+04     5.0352277060081396E+04     5.0868532450783292E+01     1.2356388716672856E+02     8.5388953922202937E+00     8.5883877647068196E+00     7.3105308372114148E+00     6.8719461939313886E+00     1.2380158789845654E+05     1.2808874361814941E+05     1.1411204387547227E+05     1.1594445550373729E+05     
2.7376262988971208E+04     8.6359460164516029E+04     7.0791288232544344E+06     -5.0723301225789217E+05     -1.2944875044855759E+06     -7.9281545470279094E+05     -3.1739184383498039E+06     -7.5618951260764821E+04     -6.8475581270219598E+04     -4.6217818072543196E+04     -3.4677090892348613E+04     -2.1322397874229984E+04     -1.0516749527365453E+04     3.1011868449564699E+03     1.8256880657434405E+04     3.3686091438471783E+04     6.4346170131731626E+04     6.7856834116440928E+02     8.2901582810020068E+02     -3.8529525496402513E+01     -3.5090136363411446E+01     -2.6735176265322217E+01     -2.0300083175329341E+01     -7.1685835280064057E+04     -3.1330152529508465E+04     3.1156144501264178E+04     1.5521918249002943E+05     
-1.6366033455079418E+05     -8.0378409150089056E+05     -5.0723301225789217E+05     1.3948325765960658E+07     2.2645809933216390E+05     -1.6190554676381820E+06     -3.6672586907473928E+06     7.8969856847776227E+03     5.8864490393176375E+03     2.0963183675064738E+03     -1.9676642692474516E+02     -2.5406178704940749E+03     -5.0810150752301997E+03     -7.1586384217487175E+03     -1.1418731620020120E+04     -1.5869470897250023E+04     -2.0568575989425230E+04     -1.7926098467249224E+02     -2.0885801427250937E+02     -1.7123520966585306E+02     -1.5823612512505127E+02     -1.2626916737341030E+02     -1.1103200167757308E+02     -1.8588155494332227E+06     -1.8230446223434648E+06     -1.5540672318370603E+06     -1.4916850091704330E+06     
-4.9136846920284661E+04     -2.1566251274477001E+05     -1.2944875044855759E+06     2.2645809933216390E+05     4.6583235185101081E+05     -5.0213705711614247E+05     7.5834153452086926E+05     -1.9238416251730854E+04     -3.0395723755213490E+04     -3.2682451520492403E+04     -3.5118015823610593E+04     -3.5413495379647196E+04     -3.8205462899737686E+04     -3.5691339972714413E+04     -4.4117701529124788E+04     -4.7858257218055624E+04     -4.5905493002503194E+04     -3.9498844363849753E+02     -4.6792071960418571E+02     8.5801320039127127E+00     7.5421666741632301E+00     5.4369411647064538E+00     3.5947857145857145E+00     -1.8343656657428801E+04     -3.0701444057623587E+04     -4.4005188350073135E+04     -7.8699494098638475E+04     
2.2419222183799752E+05     1.0887943313025767E+06     -7.9281545470279094E+05     -1.6190554676381820E+06     -5.0213705711614247E+05     7.5373536359779174E+06     2.6784877533309772E+06     5.5694607196164702E+05     4.2400531420274713E+05     3.1687559978803375E+05     2.8463312956414209E+05     2.5170029039663487E+05     2.4418347943548288E+05     2.0943704136995651E+05     2.4056492885221075E+05     2.4264597880276304E+05     2.1250509303258924E+05     -9.2807787049031799E+02     -5.4615998618045046E+02     1.7695118081801393E+01     1.6013484992192794E+01     1.2584129093637308E+01     1.1042912389833468E+01     2.0092754984691017E+05     1.9372267478101380E+05     1.6371737776496727E+05     1.5900351491432177E+05     
-3.3330759815783560E+04     -2.9989572775460721E+05     -3.1739184383498039E+06     -3.6672586907473928E+06     7.5834153452086926E+05     2.6784877533309772E+06     8.2334441512153167E+06     -6.3795592292422510E+05     -1.5985583440487657E+05     -7.9582103281087679E+04     -4.3890117463691597E+04     -2.0970626900468735E+04     -9.5564404233167224E+03     -2.7307322876336393E+03     -7.0443311075447264E+02     -2.4389944837167150E+03     -1.1254041988689711E+04     9.2010962762450908E+03     1.6001816090713004E+04     6.6521384303788025E+01     6.4869233044601131E+01     5.4192976193658907E+01     4.9473412475169141E+01     6.1764667200303182E+05     6.3607656861124188E+05     5.5523591490169463E+05     5.2067489439988066E+05     
2.2087909428441882E+04     1.6526895799103333E+05     -7.5618951260764821E+04     7.8969856847776227E+03     -1.9238416251730854E+04     5.5694607196164702E+05     -6.3795592292422510E+05     5.0655746711825725E+05     4.3082538947029811E+04     4.7576027996453013E+02     6.4347099854202906E+02     1.2126143393682279E+01     4.2822247390654567E+01     4.9716659282231586E+00     3.5887411401522336E+00     -1.5444582700446574E-02     1.3374769032939398E+00     -7.3059237430345387E+00     -3.7020473264103373E+00     0.0000000000000000E+00     0.0000000000000000E+00     0.0000000000000000E+00     0.0000000000000000E+00     0.0000000000000000E+00     0.0000000000000000E+00     0.0000000000000000E+00     0.0000000000000000E+00     
1.8733275982245919E+04     1.0958684073369684E+05     -6.8475581270219598E+04     5.8864490393176375E+03     -3.0395723755213490E+04     4.2400531420274713E+05     -1.5985583440487657E+05     4.3082538947029811E+04     2.3011091913108801E+05     3.2249722011871956E+04     4.0687687885947945E+01     7.0116652014172223E+02     -2.2022168960068143E+01     2.1427977381274776E+01     5.7252673024045428E+00     9.0256484980770324E-02     8.6673973618018607E-01     -6.5344741008577444E+01     -4.8150057956398456E+01     0.0000000000000000E+00     0.0000000000000000E+00     0.0000000000000000E+00     0.0000000000000000E+00     0.0000000000000000E+00     0.0000000000000000E+00     0.0000000000000000E+00     0.0000000000000000E+00     
1.6331614497460094E+04     8.4351545599638295E+04     -4.6217818072543196E+04     2.0963183675064738E+03     -3.2682451520492403E+04     3.1687559978803375E+05     -7.9582103281087679E+04     4.7576027996453013E+02     3.2249722011871956E+04     1.5245998919183950E+05     3.2972020728478543E+04     -1.6954179036718156E+02     5.6091498250485074E+02     1.3129536503533895E+01     4.2398387462675338E+00     5.2691392982296463E+00     3.1218596045683000E-02     -7.4670444193493680E+01     -6.1508866688144721E+01     0.0000000000000000E+00     0.0000000000000000E+00     0.0000000000000000E+00     0.0000000000000000E+00     0.0000000000000000E+00     0.0000000000000000E+00     0.0000000000000000E+00     0.0000000000000000E+00     
1.5480046446520417E+04     7.4140984404139206E+04     -3.4677090892348613E+04     -1.9676642692474516E+02     -3.5118015823610593E+04     2.8463312956414209E+05     -4.3890117463691597E+04     6.4347099854202906E+02     4.0687687885947945E+01     3.2972020728478543E+04     1.2283346270516938E+05     2.9585461078283970E+04     1.9278288404032824E+02     4.0064849165291071E+02     5.1100989411606029E+01     6.5539422062001478E+00     3.8969426112292780E+00     -1.2633720116041083E+02     -1.2072251129707936E+02     0.0000000000000000E+00     0.0000000000000000E+00     0.0000000000000000E+00     0.0000000000000000E+00     0.0000000000000000E+00     0.0000000000000000E+00     0.0000000000000000E+00     0.0000000000000000E+00     
1.4108330099031758E+04     6.3729606761885487E+04     -2.1322397874229984E+04     -2.5406178704940749E+03     -3.5413495379647196E+04     2.5170029039663487E+05     -2.0970626900468735E+04     1.2126143393682279E+01     7.0116652014172223E+02     -1.6954179036718156E+02     2.9585461078283970E+04     9.9380274016123236E+04     2.6762794876633274E+04     4.3104174007840709E+02     3.4581650496090799E+02     5.7570966383372195E+01     7.5653885097270646E+00     -8.6377955587585248E+01     -8.7102777290926340E+01     0.0000000000000000E+00     0.0000000000000000E+00     0.0000000000000000E+00     0.0000000000000000E+00     0.0000000000000000E+00     0.0000000000000000E+00     0.0000000000000000E+00     0.0000000000000000E+00     
1.3973123450514215E+04     6.0284263812061487E+04     -1.0516749527365453E+04     -5.0810150752301997E+03     -3.8205462899737686E+04     2.4418347943548288E+05     -9.5564404233167224E+03     4.2822247390654567E+01     -2.2022168960068143E+01     5.6091498250485074E+02     1.9278288404032824E+02     2.6762794876633274E+04     9.3102096279342542E+04     2.3608538003408547E+04     9.5981377463349941E+02     2.7226514153296466E+02     4.8906765630282621E+01     -4.5906675859686615E+01     -5.6645354062140285E+01     0.0000000000000000E+00     0.0000000000000000E+00     0.0000000000000000E+00     0.0000000000000000E+00     0.0000000000000000E+00     0.0000000000000000E+00     0.0000000000000000E+00     0.0000000000000000E+00     
1.2120032686164395E+04     5.0396121626346532E+04     3.1011868449564699E+03     -7.1586384217487175E+03     -3.5691339972714413E+04     2.0943704136995651E+05     -2.7307322876336393E+03     4.9716659282231586E+00     2.1427977381274776E+01     1.3129536503533895E+01     4.0064849165291071E+02     4.3104174007840709E+02     2.3608538003408547E+04     7.4010621121436867E+04     1.9724423545600584E+04     6.9054443331427569E+02     1.1432010081705397E+02     -3.4245426470984555E+01     -4.6340139894002249E+01     0.0000000000000000E+00     0.0000000000000000E+00     0.0000000000000000E+00     0.0000000000000000E+00     0.0000000000000000E+00     0.0000000000000000E+00     0.0000000000000000E+00     0.0000000000000000E+00     
1.4176625866582432E+04     5.7011036254160455E+04     1.8256880657434405E+04     -1.1418731620020120E+04     -4.4117701529124788E+04     2.4056492885221075E+05     -7.0443311075447264E+02     3.5887411401522336E+00     5.7252673024045428E+00     4.2398387462675338E+00     5.1100989411606029E+01     3.4581650496090799E+02     9.5981377463349941E+02     1.9724423545600584E+04     9.2000190215921903E+04     1.6336646109272102E+04     6.1096954736312114E+02     -3.5776267709913462E+01     -4.3220634096157795E+01     0.0000000000000000E+00     0.0000000000000000E+00     0.0000000000000000E+00     0.0000000000000000E+00     0.0000000000000000E+00     0.0000000000000000E+00     0.0000000000000000E+00     0.0000000000000000E+00     
1.4750783326738270E+04     5.7262163492100401E+04     3.3686091438471783E+04     -1.5869470897250023E+04     -4.7858257218055624E+04     2.4264597880276304E+05     -2.4389944837167150E+03     -1.5444582700446574E-02     9.0256484980770324E-02     5.2691392982296463E+00     6.5539422062001478E+00     5.7570966383372195E+01     2.7226514153296466E+02     6.9054443331427569E+02     1.6336646109272102E+04     9.5229103126060931E+04     1.1190730389491093E+04     -1.4788559198096522E+02     -2.5261461953938351E+02     0.0000000000000000E+00     0.0000000000000000E+00     0.0000000000000000E+00     0.0000000000000000E+00     0.0000000000000000E+00     0.0000000000000000E+00     0.0000000000000000E+00     0.0000000000000000E+00     
1.3524920324282508E+04     5.0352277060081396E+04     6.4346170131731626E+04     -2.0568575989425230E+04     -4.5905493002503194E+04     2.1250509303258924E+05     -1.1254041988689711E+04     1.3374769032939398E+00     8.6673973618018607E-01     3.1218596045683000E-02     3.8969426112292780E+00     7.5653885097270646E+00     4.8906765630282621E+01     1.1432010081705397E+02     6.1096954736312114E+02     1.1190730389491093E+04     8.6849158513856615E+04     -3.5910650678032778E+02     -6.3244451513525610E+02     0.0000000000000000E+00     0.0000000000000000E+00     0.0000000000000000E+00     0.0000000000000000E+00     0.0000000000000000E+00     0.0000000000000000E+00     0.0000000000000000E+00     0.0000000000000000E+00     
6.5868067855751278E+01     5.0868532450783292E+01     6.7856834116440928E+02     -1.7926098467249224E+02     -3.9498844363849753E+02     -9.2807787049031799E+02     9.2010962762450908E+03     -7.3059237430345387E+00     -6.5344741008577444E+01     -7.4670444193493680E+01     -1.2633720116041083E+02     -8.6377955587585248E+01     -4.5906675859686615E+01     -3.4245426470984555E+01     -3.5776267709913462E+01     -1.4788559198096522E+02     -3.5910650678032778E+02     1.8143013603568945E+03     2.9527407442058375E+03     0.0000000000000000E+00     0.0000000000000000E+00     0.0000000000000000E+00     0.0000000000000000E+00     0.0000000000000000E+00     0.0000000000000000E+00     0.0000000000000000E+00     0.0000000000000000E+00     
1.1975215657466063E+02     1.2356388716672856E+02     8.2901582810020068E+02     -2.0885801427250937E+02     -4.6792071960418571E+02     -5.4615998618045046E+02     1.6001816090713004E+04     -3.7020473264103373E+00     -4.8150057956398456E+01     -6.1508866688144721E+01     -1.2072251129707936E+02     -8.7102777290926340E+01     -5.6645354062140285E+01     -4.6340139894002249E+01     -4.3220634096157795E+01     -2.5261461953938351E+02     -6.3244451513525610E+02     2.9527407442058375E+03     4.8900668777739857E+03     0.0000000000000000E+00     0.0000000000000000E+00     0.0000000000000000E+00     0.0000000000000000E+00     0.0000000000000000E+00     0.0000000000000000E+00     0.0000000000000000E+00     0.0000000000000000E+00     
1.6875455156782642E+00     8.5388953922202937E+00     -3.8529525496402513E+01     -1.7123520966585306E+02     8.5801320039127127E+00     1.7695118081801393E+01     6.6521384303788025E+01     0.0000000000000000E+00     0.0000000000000000E+00     0.0000000000000000E+00     0.0000000000000000E+00     0.0000000000000000E+00     0.0000000000000000E+00     0.0000000000000000E+00     0.0000000000000000E+00     0.0000000000000000E+00     0.0000000000000000E+00     0.0000000000000000E+00     0.0000000000000000E+00     9.3913005652732154E-03     0.0000000000000000E+00     0.0000000000000000E+00     0.0000000000000000E+00     8.4317592757525006E+01     0.0000000000000000E+00     0.0000000000000000E+00     0.0000000000000000E+00     
1.8588262407153218E+00     8.5883877647068196E+00     -3.5090136363411446E+01     -1.5823612512505127E+02     7.5421666741632301E+00     1.6013484992192794E+01     6.4869233044601131E+01     0.0000000000000000E+00     0.0000000000000000E+00     0.0000000000000000E+00     0.0000000000000000E+00     0.0000000000000000E+00     0.0000000000000000E+00     0.0000000000000000E+00     0.0000000000000000E+00     0.0000000000000000E+00     0.0000000000000000E+00     0.0000000000000000E+00     0.0000000000000000E+00     0.0000000000000000E+00     8.5611241458156354E-03     0.0000000000000000E+00     0.0000000000000000E+00     1.1664280652468051E-14     8.0488052395635066E+01     0.0000000000000000E+00     0.0000000000000000E+00     
1.6899102708830016E+00     7.3105308372114148E+00     -2.6735176265322217E+01     -1.2626916737341030E+02     5.4369411647064538E+00     1.2584129093637308E+01     5.4192976193658907E+01     0.0000000000000000E+00     0.0000000000000000E+00     0.0000000000000000E+00     0.0000000000000000E+00     0.0000000000000000E+00     0.0000000000000000E+00     0.0000000000000000E+00     0.0000000000000000E+00     0.0000000000000000E+00     0.0000000000000000E+00     0.0000000000000000E+00     0.0000000000000000E+00     0.0000000000000000E+00     0.0000000000000000E+00     6.7465380890826569E-03     0.0000000000000000E+00     0.0000000000000000E+00     0.0000000000000000E+00     6.6413066269911951E+01     0.0000000000000000E+00     
1.6833156174242936E+00     6.8719461939313886E+00     -2.0300083175329341E+01     -1.1103200167757308E+02     3.5947857145857145E+00     1.1042912389833468E+01     4.9473412475169141E+01     0.0000000000000000E+00     0.0000000000000000E+00     0.0000000000000000E+00     0.0000000000000000E+00     0.0000000000000000E+00     0.0000000000000000E+00     0.0000000000000000E+00     0.0000000000000000E+00     0.0000000000000000E+00     0.0000000000000000E+00     0.0000000000000000E+00     0.0000000000000000E+00     0.0000000000000000E+00     0.0000000000000000E+00     0.0000000000000000E+00     5.8857232650451254E-03     0.0000000000000000E+00     0.0000000000000000E+00     0.0000000000000000E+00     6.0811590821313402E+01     
2.5798379490676638E+04     1.2380158789845654E+05     -7.1685835280064057E+04     -1.8588155494332227E+06     -1.8343656657428801E+04     2.0092754984691017E+05     6.1764667200303182E+05     0.0000000000000000E+00     0.0000000000000000E+00     0.0000000000000000E+00     0.0000000000000000E+00     0.0000000000000000E+00     0.0000000000000000E+00     0.0000000000000000E+00     0.0000000000000000E+00     0.0000000000000000E+00     0.0000000000000000E+00     0.0000000000000000E+00     0.0000000000000000E+00     8.4317592757525006E+01     1.1664280652468051E-14     0.0000000000000000E+00     0.0000000000000000E+00     1.0117099613828977E+06     -2.8862245926575270E-11     0.0000000000000000E+00     -2.9466207251971355E-11     
2.8921618377254374E+04     1.2808874361814941E+05     -3.1330152529508465E+04     -1.8230446223434648E+06     -3.0701444057623587E+04     1.9372267478101380E+05     6.3607656861124188E+05     0.0000000000000000E+00     0.0000000000000000E+00     0.0000000000000000E+00     0.0000000000000000E+00     0.0000000000000000E+00     0.0000000000000000E+00     0.0000000000000000E+00     0.0000000000000000E+00     0.0000000000000000E+00     0.0000000000000000E+00     0.0000000000000000E+00     0.0000000000000000E+00     0.0000000000000000E+00     8.0488052395635066E+01     0.0000000000000000E+00     0.0000000000000000E+00     -2.8862245926575270E-11     1.0181250818027323E+06     0.0000000000000000E+00     -3.0155433705658652E-11     
2.7268370373115045E+04     1.1411204387547227E+05     3.1156144501264178E+04     -1.5540672318370603E+06     -4.4005188350073135E+04     1.6371737776496727E+05     5.5523591490169463E+05     0.0000000000000000E+00     0.0000000000000000E+00     0.0000000000000000E+00     0.0000000000000000E+00     0.0000000000000000E+00     0.0000000000000000E+00     0.0000000000000000E+00     0.0000000000000000E+00     0.0000000000000000E+00     0.0000000000000000E+00     0.0000000000000000E+00     0.0000000000000000E+00     0.0000000000000000E+00     0.0000000000000000E+00     6.6413066269911951E+01     0.0000000000000000E+00     0.0000000000000000E+00     0.0000000000000000E+00     8.9173347957877710E+05     0.0000000000000000E+00     
2.9072452788000137E+04     1.1594445550373729E+05     1.5521918249002943E+05     -1.4916850091704330E+06     -7.8699494098638475E+04     1.5900351491432177E+05     5.2067489439988066E+05     0.0000000000000000E+00     0.0000000000000000E+00     0.0000000000000000E+00     0.0000000000000000E+00     0.0000000000000000E+00     0.0000000000000000E+00     0.0000000000000000E+00     0.0000000000000000E+00     0.0000000000000000E+00     0.0000000000000000E+00     0.0000000000000000E+00     0.0000000000000000E+00     0.0000000000000000E+00     0.0000000000000000E+00     0.0000000000000000E+00     6.0811590821313402E+01     -2.9466207251971355E-11     -3.0155433705658652E-11     0.0000000000000000E+00     8.8544429775960569E+05     
