#           w0_fld,           wa_fld,          Omega_b,                h,              n_s,           sigma8,     Omega_m_camb,          P_shot0,          P_shot1,          P_shot2,          P_shot3,      lnbsigma8_0,      lnbsigma8_1,      lnbsigma8_2,      lnbsigma8_3
 7.59276048258335743701e-03	-2.59023048110221427998e-02	 1.37553347813925856474e-04	-3.48559215526714715177e-05	-1.09691290067485567802e-03	-6.76083193578724513453e-04	 9.26591981308317312084e-04	 1.21600770010531067378e+00	 1.21112768300078776917e+00	 1.39520067437666273058e+00	 8.08192683927221433571e-01	-8.53874698943627493536e-04	-8.53343635411149483046e-04	-8.53938924639201625902e-04	-7.97979202151726874429e-04	
-2.59023048110221427998e-02	 1.03951769446049016588e-01	-5.12607686846448633300e-04	-2.49000556620772946128e-04	 4.06777205847419845441e-03	 2.09674709454978286730e-03	-3.26325008504768686660e-03	-4.71335833745289800589e+00	-4.97677591169597111076e+00	-5.19505335886644470378e+00	-3.09683132846724529230e+00	 1.97242195385438504399e-03	 1.97242615518406850042e-03	 1.94304102183046750740e-03	 1.74388477737205107795e-03	
 1.37553347813925856474e-04	-5.12607686846448633300e-04	 4.40464936230967975180e-06	 2.28470630168164193319e-06	-1.77002977810981737257e-05	-4.96290563114652838412e-06	 1.91733723484782468238e-05	 3.78255617417692854842e-02	 3.48879299430877864996e-02	 3.32423259841891846622e-02	 2.53116287846822628216e-02	-1.31346417671728988978e-05	-1.27101828462710748002e-05	-1.24892113239679666923e-05	-1.16545699483145423161e-05	
-3.48559215526714715177e-05	-2.49000556620772946128e-04	 2.28470630168164193319e-06	 1.23336103315378289202e-05	 4.90947397164463854053e-06	 1.90851973605203496917e-05	-7.11944767022449538245e-07	 1.82829985821021112624e-02	 1.89652505623007401614e-02	 7.72101803811949330414e-03	 7.05062084369963409242e-03	 2.87591355832963705569e-05	 2.93551072316951887722e-05	 3.00998693718521511114e-05	 3.00559003601188032718e-05	
-1.09691290067485567802e-03	 4.06777205847419845441e-03	-1.77002977810981737257e-05	 4.90947397164463854053e-06	 2.39729265530120590850e-04	 1.06037704227074727498e-04	-1.55517261448836249371e-04	-3.02953312156653165044e-01	-3.16468327790707437686e-01	-3.50855792364901886149e-01	-2.50837571923857305389e-01	 1.36498935923462028693e-04	 1.38353213466303710333e-04	 1.38437929941275964874e-04	 1.31562567487540166495e-04	
-6.76083193578724513453e-04	 2.09674709454978286730e-03	-4.96290563114652838412e-06	 1.90851973605203496917e-05	 1.06037704227074727498e-04	 1.12761742754323120771e-04	-6.93905929134836348343e-05	-5.58951260353931361768e-02	-6.23074115795441210719e-02	-8.57733401458830174713e-02	-5.26262930375746978973e-02	 8.78750884259963782174e-05	 8.92814490069123405233e-05	 8.97283453070514991790e-05	 8.52395984640972231893e-05	
 9.26591981308317312084e-04	-3.26325008504768686660e-03	 1.91733723484782468238e-05	-7.11944767022449538245e-07	-1.55517261448836249371e-04	-6.93905929134836348343e-05	 1.26390503586221728460e-04	 2.02370631566116121469e-01	 2.00774841525868219527e-01	 2.17677692583317788921e-01	 1.43482852420713069552e-01	-1.10280598031873148840e-04	-1.10206003055575251079e-04	-1.09952450327923775450e-04	-1.03698017020486198646e-04	
 1.21600770010531067378e+00	-4.71335833745289800589e+00	 3.78255617417692854842e-02	 1.82829985821021112624e-02	-3.02953312156653165044e-01	-5.58951260353931361768e-02	 2.02370631566116121469e-01	 1.02897440756819719354e+03	 6.86323504102234778657e+02	 6.80844310697492232975e+02	 5.70371590167655426740e+02	-1.89195207135094606299e-01	-1.61706770913719738436e-01	-1.57572283300023097130e-01	-1.54349855791811124694e-01	
 1.21112768300078776917e+00	-4.97677591169597111076e+00	 3.48879299430877864996e-02	 1.89652505623007401614e-02	-3.16468327790707437686e-01	-6.23074115795441210719e-02	 2.00774841525868219527e-01	 6.86323504102234778657e+02	 1.06586623389028454767e+03	 7.11382101250781488488e+02	 6.54808528031710920914e+02	-1.49984169032489317308e-01	-1.81665284072364791035e-01	-1.50846386006343008424e-01	-1.49488022136342907364e-01	
 1.39520067437666273058e+00	-5.19505335886644470378e+00	 3.32423259841891846622e-02	 7.72101803811949330414e-03	-3.50855792364901886149e-01	-8.57733401458830174713e-02	 2.17677692583317788921e-01	 6.80844310697492232975e+02	 7.11382101250781488488e+02	 1.21351031446079468878e+03	 6.20538381786581794586e+02	-1.95849560760542634741e-01	-1.93422707154752571146e-01	-2.33794632702766513876e-01	-1.91711410464030479472e-01	
 8.08192683927221433571e-01	-3.09683132846724529230e+00	 2.53116287846822628216e-02	 7.05062084369963409242e-03	-2.50837571923857305389e-01	-5.26262930375746978973e-02	 1.43482852420713069552e-01	 5.70371590167655426740e+02	 6.54808528031710920914e+02	 6.20538381786581794586e+02	 1.03398432527931095137e+03	-1.29244958890248451411e-01	-1.35127644498487381464e-01	-1.32518722262941562873e-01	-1.60005975017483315082e-01	
-8.53874698943627493536e-04	 1.97242195385438504399e-03	-1.31346417671728988978e-05	 2.87591355832963705569e-05	 1.36498935923462028693e-04	 8.78750884259963782174e-05	-1.10280598031873148840e-04	-1.89195207135094606299e-01	-1.49984169032489317308e-01	-1.95849560760542634741e-01	-1.29244958890248451411e-01	 1.73158067770971693753e-04	 1.71024913590723289924e-04	 1.72798303605328833167e-04	 1.67639157158212359459e-04	
-8.53343635411149483046e-04	 1.97242615518406850042e-03	-1.27101828462710748002e-05	 2.93551072316951887722e-05	 1.38353213466303710333e-04	 8.92814490069123405233e-05	-1.10206003055575251079e-04	-1.61706770913719738436e-01	-1.81665284072364791035e-01	-1.93422707154752571146e-01	-1.35127644498487381464e-01	 1.71024913590723289924e-04	 1.74980848496631146176e-04	 1.73405743512832557227e-04	 1.68765148565578568815e-04	
-8.53938924639201625902e-04	 1.94304102183046750740e-03	-1.24892113239679666923e-05	 3.00998693718521511114e-05	 1.38437929941275964874e-04	 8.97283453070514991790e-05	-1.09952450327923775450e-04	-1.57572283300023097130e-01	-1.50846386006343008424e-01	-2.33794632702766513876e-01	-1.32518722262941562873e-01	 1.72798303605328833167e-04	 1.73405743512832557227e-04	 1.79526513983272150961e-04	 1.70710269490584575771e-04	
-7.97979202151726874429e-04	 1.74388477737205107795e-03	-1.16545699483145423161e-05	 3.00559003601188032718e-05	 1.31562567487540166495e-04	 8.52395984640972231893e-05	-1.03698017020486198646e-04	-1.54349855791811124694e-01	-1.49488022136342907364e-01	-1.91711410464030479472e-01	-1.60005975017483315082e-01	 1.67639157158212359459e-04	 1.68765148565578568815e-04	 1.70710269490584575771e-04	 1.68602921969514767510e-04	
