#
# This file contains a Fisher matrix created with the CosmicFish code.
#
# The parameters of this Fisher matrix are:
#
#    1    Omegam    \Omega_{{\rm m}, 0}    0.32
#    2    Omegab    \Omega_{{\rm b}, 0}    0.05
#    3    h    h    0.67
#    4    ns    n_{\rm s}    0.96
#    5    sigma8    \sigma_8    0.815584
#    6    w0    w_0    -1.0
#    7    wa    w_a    0.0
#    8    b1    b_1    1.099773
#    9    b2    b_2    1.220246
#    10    b3    b_3    1.272399
#    11    b4    b_4    1.316624
#    12    b5    b_5    1.358124
#    13    b6    b_6    1.399821
#    14    b7    b_7    1.444645
#    15    b8    b_8    1.496496
#    16    b9    b_9    1.565248
#    17    b10    b_{10}    1.742986
#    18    AIA    A_{IA}    1.72
#    19    betaIA    \beta_{IA}    2.17
#    20    etaIA    \eta_{IA}    -0.41
#    21    lnbgs8_1    \ln(b_g \sigma_8)_1    -0.325399
#    22    lnbgs8_2    \ln(b_g \sigma_8)_2    -0.31588
#    23    lnbgs8_3    \ln(b_g \sigma_8)_3    -0.311505
#    24    lnbgs8_4    \ln(b_g \sigma_8)_4    -0.32014
#    25    Ps_1    P_{S1}    0.0
#    26    Ps_2    P_{S2}    0.0
#    27    Ps_3    P_{S3}    0.0
#    28    Ps_4    P_{S4}    0.0
#
9.2587460504060201E+06     -4.0099885289150914E+06     -5.3985073577228049E+06     1.0215190004439655E+06     2.7766730569334058E+06     -2.2708136273083260E+05     -1.3998750109014858E+04     -6.5709712012685626E+05     -1.6355666183995228E+05     -8.0588722969934519E+04     -4.3715711023087213E+04     -2.0072416079226961E+04     -8.2350819998331535E+03     -1.3221054472570568E+03     1.1148628997104179E+03     -6.5650832077746600E+02     -9.7738745634532133E+03     9.6239334847497776E+03     4.8500940667734558E+03     1.6644253882839479E+04     8.9444035215745401E+05     8.9534047120326303E+05     7.5617461905982892E+05     6.7824324566811440E+05     1.2735458304685162E+02     1.1969544607846998E+02     9.5621381618510796E+01     8.1877675217014158E+01     
-4.0099885289150914E+06     7.9028274790636431E+06     1.2358668257239261E+06     -1.5395475750719227E+06     -9.7816499836167623E+05     1.3007868304175547E+04     1.1633075633486722E+04     -8.0095491305191943E+04     -7.2515174961087047E+04     -4.9629035931179009E+04     -3.7943135908910153E+04     -2.4355400119470134E+04     -1.3236182983010225E+04     2.2933628344905810E+02     1.6715118883108236E+04     3.0872539511318180E+04     6.3544631362966960E+04     6.6641808680642214E+02     -5.4148388011192822E+02     8.2193068449319117E+02     -3.2584763626618794E+05     -2.5990993510472641E+05     -1.3938416233302688E+05     2.7241182162905578E+04     -9.8647188477653600E+01     -8.7152415059459486E+01     -6.4469226106584614E+01     -4.8362191295289328E+01     
-5.3985073577228049E+06     1.2358668257239261E+06     1.8382588277674172E+07     -3.3246403282163292E+05     -2.0128294300416529E+06     -9.1995599102397426E+05     -1.8320592124032392E+05     8.7364456310173518E+03     6.5247406499102108E+03     2.6149538532408624E+03     3.0094170103133979E+02     -2.0981318439424876E+03     -4.6553070011536502E+03     -6.7935533832163237E+03     -1.1204964886038408E+04     -1.5481820585216565E+04     -2.0622708581862273E+04     -2.0219420177863944E+02     1.5972126184612733E+02     -2.5064368622300373E+02     -2.4194626714747651E+06     -2.3253792669071490E+06     -1.9271675033734031E+06     -1.7706726324546314E+06     -3.1590821633245173E+02     -2.8202632965596536E+02     -2.1480562549905952E+02     -1.7585161886792181E+02     
1.0215190004439655E+06     -1.5395475750719227E+06     -3.3246403282163292E+05     5.4678774186571897E+05     -4.7810207810966816E+05     -1.9853474276681867E+05     -4.5411490230740790E+04     -1.8645021585836279E+04     -3.0754971593098311E+04     -3.3287438677906495E+04     -3.5844502029819043E+04     -3.6183038665414359E+04     -3.9057303458705319E+04     -3.6491033356470420E+04     -4.5104663986735504E+04     -4.8917596419301335E+04     -4.6878017690016095E+04     -3.8866005618734954E+02     3.4912624766916241E+02     -4.6425897709165764E+02     6.2436794249195460E+04     4.2899436365382397E+04     1.1594661693881499E+04     -3.6408617391284701E+04     2.7751975158901509E+01     2.4370824098914248E+01     1.7798412977327551E+01     1.2932033890124467E+01     
2.7766730569334058E+06     -9.7816499836167623E+05     -2.0128294300416529E+06     -4.7810207810966816E+05     7.7986813287058994E+06     1.1442965676768997E+06     2.3457845264948995E+05     5.8156925737865281E+05     4.4262386289713526E+05     3.3061121292546787E+05     2.9686902804756729E+05     2.6241644909395499E+05     2.5445690852514110E+05     2.1808382156957526E+05     2.5033459591719764E+05     2.5233311828871685E+05     2.2063446623103545E+05     -8.5840417884836654E+02     2.2605868715052115E+03     -4.6315967795507538E+02     2.4246688629425073E+05     2.3011307216485342E+05     1.9023844484000816E+05     1.7863445692287711E+05     2.9806518073746940E+01     2.6098034317258954E+01     1.9619271180758947E+01     1.6091371783956763E+01     
-2.2708136273083260E+05     1.3007868304175547E+04     -9.1995599102397426E+05     -1.9853474276681867E+05     1.1442965676768997E+06     4.0540131655352900E+05     8.6770700016257775E+04     1.7135385050464433E+05     1.1375945993678214E+05     8.7514304141264729E+04     7.6944992067620769E+04     6.6154320091939866E+04     6.2593754967579880E+04     5.2345813773929382E+04     5.9120297818010913E+04     5.9483859561655496E+04     5.2100366315855812E+04     1.7782967512404687E+02     1.5110541529488754E+02     3.3442639309976585E+02     1.4470162466481928E+05     1.4775620437893789E+05     1.2918555527066212E+05     1.2747502198864360E+05     1.2524979887512920E+01     1.2484838465689563E+01     1.0369234440666938E+01     9.2896773427933663E+00     
-1.3998750109014858E+04     1.1633075633486722E+04     -1.8320592124032392E+05     -4.5411490230740790E+04     2.3457845264948995E+05     8.6770700016257775E+04     1.9767172085527178E+04     2.2898261943387468E+04     1.9440842515421034E+04     1.6937356306725123E+04     1.6058394150940641E+04     1.4638915599827931E+04     1.4504298753676896E+04     1.2584896437268209E+04     1.4703345516503556E+04     1.5319324010036000E+04     1.3994911761095485E+04     1.2207549312358142E+02     6.3106537928928326E+01     2.1267447346904618E+02     3.0293754960488150E+04     3.3515624645734162E+04     3.1002574148440406E+04     3.2080025150951053E+04     2.3955703559422399E+00     2.6404605050506325E+00     2.3594192330607027E+00     2.2550660304260157E+00     
-6.5709712012685626E+05     -8.0095491305191943E+04     8.7364456310173518E+03     -1.8645021585836279E+04     5.8156925737865281E+05     1.7135385050464433E+05     2.2898261943387468E+04     5.2523121484142088E+05     4.4701785021776501E+04     4.8820903447367988E+02     6.6709163293999381E+02     1.3734208786473721E+01     4.3683212700878919E+01     5.3660730600429520E+00     3.6582606336542893E+00     -1.6230674715295469E-03     1.3907099993620218E+00     -8.2267678510324753E+00     2.3434894013749723E+01     -4.2864716458468797E+00     0.0000000000000000E+00     0.0000000000000000E+00     0.0000000000000000E+00     0.0000000000000000E+00     0.0000000000000000E+00     0.0000000000000000E+00     0.0000000000000000E+00     0.0000000000000000E+00     
-1.6355666183995228E+05     -7.2515174961087047E+04     6.5247406499102108E+03     -3.0754971593098311E+04     4.4262386289713526E+05     1.1375945993678214E+05     1.9440842515421034E+04     4.4701785021776501E+04     2.3866728582867290E+05     3.3518240516292339E+04     4.9839420990451458E+01     7.2263666437554082E+02     -2.0786494502805233E+01     2.1471608003886043E+01     5.9333942499642074E+00     1.0467350693302495E-01     8.8974515711705071E-01     -6.7664846411368359E+01     1.5813307076728677E+02     -5.0400949754540221E+01     0.0000000000000000E+00     0.0000000000000000E+00     0.0000000000000000E+00     0.0000000000000000E+00     0.0000000000000000E+00     0.0000000000000000E+00     0.0000000000000000E+00     0.0000000000000000E+00     
-8.0588722969934519E+04     -4.9629035931179009E+04     2.6149538532408624E+03     -3.3287438677906495E+04     3.3061121292546787E+05     8.7514304141264729E+04     1.6937356306725123E+04     4.8820903447367988E+02     3.3518240516292339E+04     1.5793648414362854E+05     3.4258518569804728E+04     -1.5830112918155135E+02     5.7454140116818724E+02     1.5342840273212811E+01     4.1005632525474445E+00     5.3740706566000345E+00     4.2231529132279136E-02     -7.7274894856299852E+01     1.3977066857438365E+02     -6.4112528986208602E+01     0.0000000000000000E+00     0.0000000000000000E+00     0.0000000000000000E+00     0.0000000000000000E+00     0.0000000000000000E+00     0.0000000000000000E+00     0.0000000000000000E+00     0.0000000000000000E+00     
-4.3715711023087213E+04     -3.7943135908910153E+04     3.0094170103133979E+02     -3.5844502029819043E+04     2.9686902804756729E+05     7.6944992067620769E+04     1.6058394150940641E+04     6.6709163293999381E+02     4.9839420990451458E+01     3.4258518569804728E+04     1.2727246507529936E+05     3.0747160322483720E+04     2.1444816773757358E+02     4.1059235789268695E+02     5.3574492720950531E+01     6.6572475474012638E+00     3.9631251953016853E+00     -1.2627015913002295E+02     1.6150046852997562E+02     -1.2111640406892766E+02     0.0000000000000000E+00     0.0000000000000000E+00     0.0000000000000000E+00     0.0000000000000000E+00     0.0000000000000000E+00     0.0000000000000000E+00     0.0000000000000000E+00     0.0000000000000000E+00     
-2.0072416079226961E+04     -2.4355400119470134E+04     -2.0981318439424876E+03     -3.6183038665414359E+04     2.6241644909395499E+05     6.6154320091939866E+04     1.4638915599827931E+04     1.3734208786473721E+01     7.2263666437554082E+02     -1.5830112918155135E+02     3.0747160322483720E+04     1.0299626864874364E+05     2.7816525499957173E+04     4.5513635858548923E+02     3.5552263544793823E+02     5.9267217479057663E+01     7.7458985732631627E+00     -8.8148839415531413E+01     1.1237554738957088E+02     -8.8880067613288603E+01     0.0000000000000000E+00     0.0000000000000000E+00     0.0000000000000000E+00     0.0000000000000000E+00     0.0000000000000000E+00     0.0000000000000000E+00     0.0000000000000000E+00     0.0000000000000000E+00     
-8.2350819998331535E+03     -1.3236182983010225E+04     -4.6553070011536502E+03     -3.9057303458705319E+04     2.5445690852514110E+05     6.2593754967579880E+04     1.4504298753676896E+04     4.3683212700878919E+01     -2.0786494502805233E+01     5.7454140116818724E+02     2.1444816773757358E+02     2.7816525499957173E+04     9.6541126786004330E+04     2.4551516082469050E+04     1.0005190494223153E+03     2.8037424839997760E+02     5.0151123732822690E+01     -4.7783333984168493E+01     4.7821438993053718E+01     -5.8943408136490085E+01     0.0000000000000000E+00     0.0000000000000000E+00     0.0000000000000000E+00     0.0000000000000000E+00     0.0000000000000000E+00     0.0000000000000000E+00     0.0000000000000000E+00     0.0000000000000000E+00     
-1.3221054472570568E+03     2.2933628344905810E+02     -6.7935533832163237E+03     -3.6491033356470420E+04     2.1808382156957526E+05     5.2345813773929382E+04     1.2584896437268209E+04     5.3660730600429520E+00     2.1471608003886043E+01     1.5342840273212811E+01     4.1059235789268695E+02     4.5513635858548923E+02     2.4551516082469050E+04     7.6721703227999635E+04     2.0525529443411164E+04     7.1684360578390090E+02     1.1789091914067190E+02     -3.5035695966478897E+01     2.0854898712485358E+01     -4.7454517816939159E+01     0.0000000000000000E+00     0.0000000000000000E+00     0.0000000000000000E+00     0.0000000000000000E+00     0.0000000000000000E+00     0.0000000000000000E+00     0.0000000000000000E+00     0.0000000000000000E+00     
1.1148628997104179E+03     1.6715118883108236E+04     -1.1204964886038408E+04     -4.5104663986735504E+04     2.5033459591719764E+05     5.9120297818010913E+04     1.4703345516503556E+04     3.6582606336542893E+00     5.9333942499642074E+00     4.1005632525474445E+00     5.3574492720950531E+01     3.5552263544793823E+02     1.0005190494223153E+03     2.0525529443411164E+04     9.5432230136797516E+04     1.6996889363585222E+04     6.3111504110594251E+02     -3.7609068137837532E+01     2.8570551334535477E+01     -4.5813050177145733E+01     0.0000000000000000E+00     0.0000000000000000E+00     0.0000000000000000E+00     0.0000000000000000E+00     0.0000000000000000E+00     0.0000000000000000E+00     0.0000000000000000E+00     0.0000000000000000E+00     
-6.5650832077746600E+02     3.0872539511318180E+04     -1.5481820585216565E+04     -4.8917596419301335E+04     2.5233311828871685E+05     5.9483859561655496E+04     1.5319324010036000E+04     -1.6230674715295469E-03     1.0467350693302495E-01     5.3740706566000345E+00     6.6572475474012638E+00     5.9267217479057663E+01     2.8037424839997760E+02     7.1684360578390090E+02     1.6996889363585222E+04     9.8838742064157675E+04     1.1623718193948211E+04     -1.5280583956403353E+02     -5.0085953688634525E+01     -2.6077914028977682E+02     0.0000000000000000E+00     0.0000000000000000E+00     0.0000000000000000E+00     0.0000000000000000E+00     0.0000000000000000E+00     0.0000000000000000E+00     0.0000000000000000E+00     0.0000000000000000E+00     
-9.7738745634532133E+03     6.3544631362966960E+04     -2.0622708581862273E+04     -4.6878017690016095E+04     2.2063446623103545E+05     5.2100366315855812E+04     1.3994911761095485E+04     1.3907099993620218E+00     8.8974515711705071E-01     4.2231529132279136E-02     3.9631251953016853E+00     7.7458985732631627E+00     5.0151123732822690E+01     1.1789091914067190E+02     6.3111504110594251E+02     1.1623718193948211E+04     9.0078818745649813E+04     -3.7020375536108043E+02     -2.2318151850054156E+02     -6.5207220078663931E+02     0.0000000000000000E+00     0.0000000000000000E+00     0.0000000000000000E+00     0.0000000000000000E+00     0.0000000000000000E+00     0.0000000000000000E+00     0.0000000000000000E+00     0.0000000000000000E+00     
9.6239334847497776E+03     6.6641808680642214E+02     -2.0219420177863944E+02     -3.8866005618734954E+02     -8.5840417884836654E+02     1.7782967512404687E+02     1.2207549312358142E+02     -8.2267678510324753E+00     -6.7664846411368359E+01     -7.7274894856299852E+01     -1.2627015913002295E+02     -8.8148839415531413E+01     -4.7783333984168493E+01     -3.5035695966478897E+01     -3.7609068137837532E+01     -1.5280583956403353E+02     -3.7020375536108043E+02     1.8746560046711586E+03     4.4396841686852957E+02     3.0523846248563018E+03     0.0000000000000000E+00     0.0000000000000000E+00     0.0000000000000000E+00     0.0000000000000000E+00     0.0000000000000000E+00     0.0000000000000000E+00     0.0000000000000000E+00     0.0000000000000000E+00     
4.8500940667734558E+03     -5.4148388011192822E+02     1.5972126184612733E+02     3.4912624766916241E+02     2.2605868715052115E+03     1.5110541529488754E+02     6.3106537928928326E+01     2.3434894013749723E+01     1.5813307076728677E+02     1.3977066857438365E+02     1.6150046852997562E+02     1.1237554738957088E+02     4.7821438993053718E+01     2.0854898712485358E+01     2.8570551334535477E+01     -5.0085953688634525E+01     -2.2318151850054156E+02     4.4396841686852957E+02     7.3554697585391250E+02     9.5658150888222156E+02     0.0000000000000000E+00     0.0000000000000000E+00     0.0000000000000000E+00     0.0000000000000000E+00     0.0000000000000000E+00     0.0000000000000000E+00     0.0000000000000000E+00     0.0000000000000000E+00     
1.6644253882839479E+04     8.2193068449319117E+02     -2.5064368622300373E+02     -4.6425897709165764E+02     -4.6315967795507538E+02     3.3442639309976585E+02     2.1267447346904618E+02     -4.2864716458468797E+00     -5.0400949754540221E+01     -6.4112528986208602E+01     -1.2111640406892766E+02     -8.8880067613288603E+01     -5.8943408136490085E+01     -4.7454517816939159E+01     -4.5813050177145733E+01     -2.6077914028977682E+02     -6.5207220078663931E+02     3.0523846248563018E+03     9.5658150888222156E+02     5.0578514418559907E+03     0.0000000000000000E+00     0.0000000000000000E+00     0.0000000000000000E+00     0.0000000000000000E+00     0.0000000000000000E+00     0.0000000000000000E+00     0.0000000000000000E+00     0.0000000000000000E+00     
8.9444035215745401E+05     -3.2584763626618794E+05     -2.4194626714747651E+06     6.2436794249195460E+04     2.4246688629425073E+05     1.4470162466481928E+05     3.0293754960488150E+04     0.0000000000000000E+00     0.0000000000000000E+00     0.0000000000000000E+00     0.0000000000000000E+00     0.0000000000000000E+00     0.0000000000000000E+00     0.0000000000000000E+00     0.0000000000000000E+00     0.0000000000000000E+00     0.0000000000000000E+00     0.0000000000000000E+00     0.0000000000000000E+00     0.0000000000000000E+00     1.2720763045902052E+06     0.0000000000000000E+00     0.0000000000000000E+00     0.0000000000000000E+00     1.4336552046391793E+02     0.0000000000000000E+00     0.0000000000000000E+00     0.0000000000000000E+00     
8.9534047120326303E+05     -2.5990993510472641E+05     -2.3253792669071490E+06     4.2899436365382397E+04     2.3011307216485342E+05     1.4775620437893789E+05     3.3515624645734162E+04     0.0000000000000000E+00     0.0000000000000000E+00     0.0000000000000000E+00     0.0000000000000000E+00     0.0000000000000000E+00     0.0000000000000000E+00     0.0000000000000000E+00     0.0000000000000000E+00     0.0000000000000000E+00     0.0000000000000000E+00     0.0000000000000000E+00     0.0000000000000000E+00     0.0000000000000000E+00     0.0000000000000000E+00     1.2569726738325001E+06     0.0000000000000000E+00     0.0000000000000000E+00     0.0000000000000000E+00     1.3283260532114164E+02     0.0000000000000000E+00     0.0000000000000000E+00     
7.5617461905982892E+05     -1.3938416233302688E+05     -1.9271675033734031E+06     1.1594661693881499E+04     1.9023844484000816E+05     1.2918555527066212E+05     3.1002574148440406E+04     0.0000000000000000E+00     0.0000000000000000E+00     0.0000000000000000E+00     0.0000000000000000E+00     0.0000000000000000E+00     0.0000000000000000E+00     0.0000000000000000E+00     0.0000000000000000E+00     0.0000000000000000E+00     0.0000000000000000E+00     0.0000000000000000E+00     0.0000000000000000E+00     0.0000000000000000E+00     0.0000000000000000E+00     0.0000000000000000E+00     1.0734789204980927E+06     0.0000000000000000E+00     0.0000000000000000E+00     0.0000000000000000E+00     1.0522958818267324E+02     0.0000000000000000E+00     
6.7824324566811440E+05     2.7241182162905578E+04     -1.7706726324546314E+06     -3.6408617391284701E+04     1.7863445692287711E+05     1.2747502198864360E+05     3.2080025150951053E+04     0.0000000000000000E+00     0.0000000000000000E+00     0.0000000000000000E+00     0.0000000000000000E+00     0.0000000000000000E+00     0.0000000000000000E+00     0.0000000000000000E+00     0.0000000000000000E+00     0.0000000000000000E+00     0.0000000000000000E+00     0.0000000000000000E+00     0.0000000000000000E+00     0.0000000000000000E+00     0.0000000000000000E+00     0.0000000000000000E+00     0.0000000000000000E+00     1.0251910324474273E+06     0.0000000000000000E+00     0.0000000000000000E+00     0.0000000000000000E+00     9.0449338752601292E+01     
1.2735458304685162E+02     -9.8647188477653600E+01     -3.1590821633245173E+02     2.7751975158901509E+01     2.9806518073746940E+01     1.2524979887512920E+01     2.3955703559422399E+00     0.0000000000000000E+00     0.0000000000000000E+00     0.0000000000000000E+00     0.0000000000000000E+00     0.0000000000000000E+00     0.0000000000000000E+00     0.0000000000000000E+00     0.0000000000000000E+00     0.0000000000000000E+00     0.0000000000000000E+00     0.0000000000000000E+00     0.0000000000000000E+00     0.0000000000000000E+00     1.4336552046391793E+02     0.0000000000000000E+00     0.0000000000000000E+00     0.0000000000000000E+00     2.4009603971233643E-02     0.0000000000000000E+00     0.0000000000000000E+00     0.0000000000000000E+00     
1.1969544607846998E+02     -8.7152415059459486E+01     -2.8202632965596536E+02     2.4370824098914248E+01     2.6098034317258954E+01     1.2484838465689563E+01     2.6404605050506325E+00     0.0000000000000000E+00     0.0000000000000000E+00     0.0000000000000000E+00     0.0000000000000000E+00     0.0000000000000000E+00     0.0000000000000000E+00     0.0000000000000000E+00     0.0000000000000000E+00     0.0000000000000000E+00     0.0000000000000000E+00     0.0000000000000000E+00     0.0000000000000000E+00     0.0000000000000000E+00     0.0000000000000000E+00     1.3283260532114164E+02     0.0000000000000000E+00     0.0000000000000000E+00     0.0000000000000000E+00     2.0978325585128542E-02     0.0000000000000000E+00     0.0000000000000000E+00     
9.5621381618510796E+01     -6.4469226106584614E+01     -2.1480562549905952E+02     1.7798412977327551E+01     1.9619271180758947E+01     1.0369234440666938E+01     2.3594192330607027E+00     0.0000000000000000E+00     0.0000000000000000E+00     0.0000000000000000E+00     0.0000000000000000E+00     0.0000000000000000E+00     0.0000000000000000E+00     0.0000000000000000E+00     0.0000000000000000E+00     0.0000000000000000E+00     0.0000000000000000E+00     0.0000000000000000E+00     0.0000000000000000E+00     0.0000000000000000E+00     0.0000000000000000E+00     0.0000000000000000E+00     1.0522958818267324E+02     0.0000000000000000E+00     0.0000000000000000E+00     0.0000000000000000E+00     1.5645647928733096E-02     0.0000000000000000E+00     
8.1877675217014158E+01     -4.8362191295289328E+01     -1.7585161886792181E+02     1.2932033890124467E+01     1.6091371783956763E+01     9.2896773427933663E+00     2.2550660304260157E+00     0.0000000000000000E+00     0.0000000000000000E+00     0.0000000000000000E+00     0.0000000000000000E+00     0.0000000000000000E+00     0.0000000000000000E+00     0.0000000000000000E+00     0.0000000000000000E+00     0.0000000000000000E+00     0.0000000000000000E+00     0.0000000000000000E+00     0.0000000000000000E+00     0.0000000000000000E+00     0.0000000000000000E+00     0.0000000000000000E+00     0.0000000000000000E+00     9.0449338752601292E+01     0.0000000000000000E+00     0.0000000000000000E+00     0.0000000000000000E+00     1.2576475301880104E-02     
