#           w0_fld,           wa_fld,          Omega_b,                h,              n_s,           sigma8,     Omega_m_camb,          P_shot0,          P_shot1,          P_shot2,          P_shot3,      lnbsigma8_0,      lnbsigma8_1,      lnbsigma8_2,      lnbsigma8_3
 7.04618294666295405477e+04	 1.65429678702592937043e+04	 7.89497328862462018151e+04	-7.70258958010350819677e+05	-5.58436819778774079168e+04	 8.73577917327752802521e+04	 2.42331757259747566422e+05	 8.53886741698536866352e+00	 8.58838106316177984922e+00	 7.31055065632117617724e+00	 6.87199673761573848196e+00	 1.23801396481609262992e+05	 1.28088862798710790230e+05	 1.14112514419390150579e+05	 1.15945473384741839254e+05	
 1.65429678702592937043e+04	 4.25632739199335628655e+03	 2.09158487301369386842e+04	-1.55399360175416397396e+05	-1.34854601402549906197e+04	 1.36235938814212204306e+04	 6.12538892949995934032e+04	 1.68749587019804137000e+00	 1.85878323547919555025e+00	 1.68988247198815844108e+00	 1.68330249814698285071e+00	 2.57980280247891350882e+04	 2.89213664075891865650e+04	 2.72682892899478829349e+04	 2.90726131812833737058e+04	
 7.89497328862462018151e+04	 2.09158487301369386842e+04	 4.61872646360958646983e+06	-3.54650693360346049303e+04	-8.83334503679906367324e+05	 2.60584862840224814136e+04	-1.61009428250315785408e+06	-3.85291682677484601527e+01	-3.50892779253316291488e+01	-2.67341321100586384318e+01	-2.02988995969920722473e+01	-7.16546455275123880710e+04	-3.12957168979124689940e+04	 3.11879832951115349715e+04	 1.55249949554458202329e+05	
-7.70258958010350819677e+05	-1.55399360175416397396e+05	-3.54650693360346049303e+04	 1.38445760073051676154e+07	 1.11198075229623442283e+05	-1.67619260678159468807e+06	-4.03116673635435290635e+06	-1.71235969052817551983e+02	-1.58236821976335221507e+02	-1.26269633871919552348e+02	-1.11032458283018897305e+02	-1.85883472285081888549e+06	-1.82306435895556979813e+06	-1.55408444254293339327e+06	-1.49170398683993518353e+06	
-5.58436819778774079168e+04	-1.34854601402549906197e+04	-8.83334503679906367324e+05	 1.11198075229623442283e+05	 2.53117001303478959017e+05	-3.96071485678420576733e+04	 3.09863940182857331820e+05	 8.58013486471095809804e+00	 7.54216822624206351122e+00	 5.43694154616017666370e+00	 3.59478496846232875583e+00	-1.83437691737045533955e+04	-3.07015405692148233356e+04	-4.40052482905549404677e+04	-7.86994967316504043993e+04	
 8.73577917327752802521e+04	 1.36235938814212204306e+04	 2.60584862840224814136e+04	-1.67619260678159468807e+06	-3.96071485678420576733e+04	 2.68375684846061747521e+05	 3.25597769943514489569e+05	 1.76951238819203666708e+01	 1.60134889606814034835e+01	 1.25841313986678215997e+01	 1.10429134729438391815e+01	 2.00927599490081483964e+05	 1.93722703590419783723e+05	 1.63717384105407603784e+05	 1.59003500774213229306e+05	
 2.42331757259747566422e+05	 6.12538892949995934032e+04	-1.61009428250315785408e+06	-4.03116673635435290635e+06	 3.09863940182857331820e+05	 3.25597769943514489569e+05	 2.29342286178334429860e+06	 6.65213774494541780768e+01	 6.48693188893691399244e+01	 5.41930235454973185938e+01	 4.94733404825948497319e+01	 6.17647846735694562085e+05	 6.36078623974324669689e+05	 5.55237816619942197576e+05	 5.20676835644882521592e+05	
 8.53886741698536866352e+00	 1.68749587019804137000e+00	-3.85291682677484601527e+01	-1.71235969052817551983e+02	 8.58013486471095809804e+00	 1.76951238819203666708e+01	 6.65213774494541780768e+01	 9.39130148116051541307e-03	0.00000000000000000000e+00	0.00000000000000000000e+00	0.00000000000000000000e+00	 8.43176430095358568906e+01	0.00000000000000000000e+00	0.00000000000000000000e+00	0.00000000000000000000e+00	
 8.58838106316177984922e+00	 1.85878323547919555025e+00	-3.50892779253316291488e+01	-1.58236821976335221507e+02	 7.54216822624206351122e+00	 1.60134889606814034835e+01	 6.48693188893691399244e+01	0.00000000000000000000e+00	 8.56112475893877795941e-03	0.00000000000000000000e+00	0.00000000000000000000e+00	0.00000000000000000000e+00	 8.04880832376245791693e+01	0.00000000000000000000e+00	0.00000000000000000000e+00	
 7.31055065632117617724e+00	 1.68988247198815844108e+00	-2.67341321100586384318e+01	-1.26269633871919552348e+02	 5.43694154616017666370e+00	 1.25841313986678215997e+01	 5.41930235454973185938e+01	0.00000000000000000000e+00	0.00000000000000000000e+00	 6.74653846151684020993e-03	0.00000000000000000000e+00	0.00000000000000000000e+00	0.00000000000000000000e+00	 6.64130778417494980204e+01	0.00000000000000000000e+00	
 6.87199673761573848196e+00	 1.68330249814698285071e+00	-2.02988995969920722473e+01	-1.11032458283018897305e+02	 3.59478496846232875583e+00	 1.10429134729438391815e+01	 4.94733404825948497319e+01	0.00000000000000000000e+00	0.00000000000000000000e+00	0.00000000000000000000e+00	 5.88572343769333539143e-03	0.00000000000000000000e+00	0.00000000000000000000e+00	0.00000000000000000000e+00	 6.08115867462104233709e+01	
 1.23801396481609262992e+05	 2.57980280247891350882e+04	-7.16546455275123880710e+04	-1.85883472285081888549e+06	-1.83437691737045533955e+04	 2.00927599490081483964e+05	 6.17647846735694562085e+05	 8.43176430095358568906e+01	0.00000000000000000000e+00	0.00000000000000000000e+00	0.00000000000000000000e+00	 1.01170981354897085112e+06	0.00000000000000000000e+00	0.00000000000000000000e+00	0.00000000000000000000e+00	
 1.28088862798710790230e+05	 2.89213664075891865650e+04	-3.12957168979124689940e+04	-1.82306435895556979813e+06	-3.07015405692148233356e+04	 1.93722703590419783723e+05	 6.36078623974324669689e+05	0.00000000000000000000e+00	 8.04880832376245791693e+01	0.00000000000000000000e+00	0.00000000000000000000e+00	0.00000000000000000000e+00	 1.01812492913290765136e+06	0.00000000000000000000e+00	0.00000000000000000000e+00	
 1.14112514419390150579e+05	 2.72682892899478829349e+04	 3.11879832951115349715e+04	-1.55408444254293339327e+06	-4.40052482905549404677e+04	 1.63717384105407603784e+05	 5.55237816619942197576e+05	0.00000000000000000000e+00	0.00000000000000000000e+00	 6.64130778417494980204e+01	0.00000000000000000000e+00	0.00000000000000000000e+00	0.00000000000000000000e+00	 8.91733348601238103583e+05	-3.10791392621467821300e-11	
 1.15945473384741839254e+05	 2.90726131812833737058e+04	 1.55249949554458202329e+05	-1.49170398683993518353e+06	-7.86994967316504043993e+04	 1.59003500774213229306e+05	 5.20676835644882521592e+05	0.00000000000000000000e+00	0.00000000000000000000e+00	0.00000000000000000000e+00	 6.08115867462104233709e+01	0.00000000000000000000e+00	0.00000000000000000000e+00	-3.10791392621467821300e-11	 8.85444205192098859698e+05	
