#           w0_fld,           wa_fld,          Omega_b,                h,              n_s,           sigma8,     Omega_m_camb,          P_shot0,          P_shot1,          P_shot2,          P_shot3,      lnbsigma8_0,      lnbsigma8_1,      lnbsigma8_2,      lnbsigma8_3
 7.04605961204971681582e+04	 1.65420916698235159856e+04	 7.89348339637423632666e+04	-7.70272195582505781204e+05	-5.58428410470114977215e+04	 8.73573605319034977583e+04	 2.42328771085100423079e+05	 8.53894101751269829492e+00	 8.58843840081664744446e+00	 7.31058183208537393227e+00	 6.87200110520152662730e+00	 1.23801108306990543497e+05	 1.28088350212433302659e+05	 1.14111783463613086496e+05	 1.15944271623138047289e+05	
 1.65420916698235159856e+04	 4.25615460552479544276e+03	 2.09143212271517622867e+04	-1.55396546564089483581e+05	-1.34852828292846043041e+04	 1.36235179965634197288e+04	 6.12536212173701569554e+04	 1.68750888558856737554e+00	 1.85878987983243226800e+00	 1.68987954684876351408e+00	 1.68329094993005212721e+00	 2.57979318122106160445e+04	 2.89211868972996599041e+04	 2.72680153482577225077e+04	 2.90721783226435072720e+04	
 7.89348339637423632666e+04	 2.09143212271517622867e+04	 4.61877650403814483434e+06	-3.52287522935761808185e+04	-8.83323060705978889018e+05	 2.60642127139394433470e+04	-1.60997430164557369426e+06	-3.85274805427979032402e+01	-3.50883574975584906497e+01	-2.67338964471620812446e+01	-2.02988224663182066365e+01	-7.16473016018953057937e+04	-3.12928640053788985824e+04	 3.11866355798872427840e+04	 1.55247104757332999725e+05	
-7.70272195582505781204e+05	-1.55396546564089483581e+05	-3.52287522935761808185e+04	 1.38449407070806268603e+07	 1.11191114497531001689e+05	-1.67620417637054994702e+06	-4.03116924975780351087e+06	-1.71237037287566977284e+02	-1.58237982458071314795e+02	-1.26270768725136719013e+02	-1.11033535350614641857e+02	-1.85885395478083798662e+06	-1.82308425127543881536e+06	-1.55410239919522288255e+06	-1.49172013616664009169e+06	
-5.58428410470114977215e+04	-1.34852828292846043041e+04	-8.83323060705978889018e+05	 1.11191114497531001689e+05	 2.53116946612999134231e+05	-3.96071218078071542550e+04	 3.09853962413694593124e+05	 8.58013331511266130747e+00	 7.54216738553028598346e+00	 5.43694133954777036877e+00	 3.59478537262449071576e+00	-1.83437082272808911512e+04	-3.07014882919576775748e+04	-4.40052158225611929083e+04	-7.86994953051787015283e+04	
 8.73573605319034977583e+04	 1.36235179965634197288e+04	 2.60642127139394433470e+04	-1.67620417637054994702e+06	-3.96071218078071542550e+04	 2.68375675861686351709e+05	 3.25600922064835031051e+05	 1.76951207402064767393e+01	 1.60134868110799288843e+01	 1.25841301501208882030e+01	 1.10429128862655545618e+01	 2.00927572600088198669e+05	 1.93722687985286815092e+05	 1.63717380670918733813e+05	 1.59003508433360024355e+05	
 2.42328771085100423079e+05	 6.12536212173701569554e+04	-1.60997430164557369426e+06	-4.03116924975780351087e+06	 3.09853962413694593124e+05	 3.25600922064835031051e+05	 2.29339857686119759455e+06	 6.65206242795449895766e+01	 6.48686077617653893412e+01	 5.41925213032153578752e+01	 4.94730052764460737080e+01	 6.17647451290590222925e+05	 6.36078562445586780086e+05	 5.55238754433746566065e+05	 5.20679317479240708053e+05	
 8.53894101751269829492e+00	 1.68750888558856737554e+00	-3.85274805427979032402e+01	-1.71237037287566977284e+02	 8.58013331511266130747e+00	 1.76951207402064767393e+01	 6.65206242795449895766e+01	 9.39130098505123155073e-03	0.00000000000000000000e+00	0.00000000000000000000e+00	 3.81058947146028365038e-19	 8.43176157896792517477e+01	0.00000000000000000000e+00	0.00000000000000000000e+00	0.00000000000000000000e+00	
 8.58843840081664744446e+00	 1.85878987983243226800e+00	-3.50883574975584906497e+01	-1.58237982458071314795e+02	 7.54216738553028598346e+00	 1.60134868110799288843e+01	 6.48686077617653893412e+01	0.00000000000000000000e+00	 8.56112442682589389054e-03	-3.97364331380673646565e-19	0.00000000000000000000e+00	-8.10115863281168913090e-15	 8.04880665315311176755e+01	0.00000000000000000000e+00	0.00000000000000000000e+00	
 7.31058183208537393227e+00	 1.68987954684876351408e+00	-2.67338964471620812446e+01	-1.26270768725136719013e+02	 5.43694133954777036877e+00	 1.25841301501208882030e+01	 5.41925213032153578752e+01	0.00000000000000000000e+00	-3.97364331380673646565e-19	 6.74653825978175671063e-03	0.00000000000000000000e+00	0.00000000000000000000e+00	0.00000000000000000000e+00	 6.64130715736677075256e+01	0.00000000000000000000e+00	
 6.87200110520152662730e+00	 1.68329094993005212721e+00	-2.02988224663182066365e+01	-1.11033535350614641857e+02	 3.59478537262449071576e+00	 1.10429128862655545618e+01	 4.94730052764460737080e+01	 3.81058947146028365038e-19	0.00000000000000000000e+00	0.00000000000000000000e+00	 5.88572334417127290135e-03	0.00000000000000000000e+00	0.00000000000000000000e+00	0.00000000000000000000e+00	 6.08115889535372105001e+01	
 1.23801108306990543497e+05	 2.57979318122106160445e+04	-7.16473016018953057937e+04	-1.85885395478083798662e+06	-1.83437082272808911512e+04	 2.00927572600088198669e+05	 6.17647451290590222925e+05	 8.43176157896792517477e+01	-8.10115863281168913090e-15	0.00000000000000000000e+00	0.00000000000000000000e+00	 1.01170989362572936807e+06	0.00000000000000000000e+00	0.00000000000000000000e+00	-4.09343670071393717080e-11	
 1.28088350212433302659e+05	 2.89211868972996599041e+04	-3.12928640053788985824e+04	-1.82308425127543881536e+06	-3.07014882919576775748e+04	 1.93722687985286815092e+05	 6.36078562445586780086e+05	0.00000000000000000000e+00	 8.04880665315311176755e+01	0.00000000000000000000e+00	0.00000000000000000000e+00	0.00000000000000000000e+00	 1.01812501182915491518e+06	0.00000000000000000000e+00	0.00000000000000000000e+00	
 1.14111783463613086496e+05	 2.72680153482577225077e+04	 3.11866355798872427840e+04	-1.55410239919522288255e+06	-4.40052158225611929083e+04	 1.63717380670918733813e+05	 5.55238754433746566065e+05	0.00000000000000000000e+00	0.00000000000000000000e+00	 6.64130715736677075256e+01	0.00000000000000000000e+00	0.00000000000000000000e+00	0.00000000000000000000e+00	 8.91733419547334546223e+05	0.00000000000000000000e+00	
 1.15944271623138047289e+05	 2.90721783226435072720e+04	 1.55247104757332999725e+05	-1.49172013616664009169e+06	-7.86994953051787015283e+04	 1.59003508433360024355e+05	 5.20679317479240708053e+05	0.00000000000000000000e+00	0.00000000000000000000e+00	0.00000000000000000000e+00	 6.08115889535372105001e+01	-4.09343670071393717080e-11	0.00000000000000000000e+00	0.00000000000000000000e+00	 8.85444255332857021131e+05	
