#           w0_fld,           wa_fld,          Omega_b,                h,              n_s,           sigma8,     Omega_m_camb,          P_shot0,          P_shot1,          P_shot2,          P_shot3,      lnbsigma8_0,      lnbsigma8_1,      lnbsigma8_2,      lnbsigma8_3
 7.04560813827893289272e+04	 1.64080794090709023294e+04	 8.05340663629205664620e+04	-7.68644730504106031731e+05	-5.60921673015529886470e+04	 8.78941281801155419089e+04	 2.37446900574834202416e+05	 8.41245774820463765309e+00	 8.51860883045301697791e+00	 7.29029876963959111436e+00	 6.89134091152377692424e+00	 1.22601636823342356365e+05	 1.27316698586538521340e+05	 1.13824706298752484145e+05	 1.16182113443572889082e+05	
 1.64080794090709023294e+04	 4.28514048096396982146e+03	 2.12656945698856761737e+04	-1.48548194212239061017e+05	-1.34467674289740025415e+04	 1.23175963730337825837e+04	 6.11237123325959837530e+04	 1.62141896831787768463e+00	 1.80363670310775425776e+00	 1.65231974284013904963e+00	 1.65823748075478571984e+00	 2.52109073744316337979e+04	 2.83765909904948639451e+04	 2.68527891776938049588e+04	 2.87571901229608447466e+04	
 8.05340663629205664620e+04	 2.12656945698856761737e+04	 4.60873428898649569601e+06	-2.07462544023446389474e+04	-8.84166751249627326615e+05	 2.82401955320063207182e+04	-1.60710735100929811597e+06	-3.85047721102429818529e+01	-3.50613395464918085054e+01	-2.67108013161990172080e+01	-2.02842602388414690040e+01	-7.10421954476760001853e+04	-3.07679520037494585267e+04	 3.15389156253787659807e+04	 1.55483501945551775862e+05	
-7.68644730504106031731e+05	-1.48548194212239061017e+05	-2.07462544023446389474e+04	 1.41033061194925140589e+07	 1.11096783726048743119e+05	-1.74035830992901325226e+06	-3.90070059756881278008e+06	-1.72328722531054893352e+02	-1.59213192569918135177e+02	-1.27024144079880770164e+02	-1.11690248658205319998e+02	-1.86037862358713150024e+06	-1.82521288671920634806e+06	-1.55665182771391817369e+06	-1.49555900773774413392e+06	
-5.60921673015529886470e+04	-1.34467674289740025415e+04	-8.84166751249627326615e+05	 1.11096783726048743119e+05	 2.53434409885722503532e+05	-4.10952651011420966825e+04	 3.11442422820869134739e+05	 8.58482147649155535873e+00	 7.54627749079852883085e+00	 5.44034564615655824582e+00	 3.59843681809433446617e+00	-1.84299847289472745615e+04	-3.07710750709122912667e+04	-4.40514542270929741790e+04	-7.87582204213673248887e+04	
 8.78941281801155419089e+04	 1.23175963730337825837e+04	 2.82401955320063207182e+04	-1.74035830992901325226e+06	-4.10952651011420966825e+04	 2.84980629632840980776e+05	 2.98918818418946582824e+05	 1.79440223784819750108e+01	 1.62484666254119005657e+01	 1.27787857381750526997e+01	 1.12308353061834687026e+01	 2.02339063231250678655e+05	 1.95387058758612489328e+05	 1.65462341930677765049e+05	 1.61287019067622255534e+05	
 2.37446900574834202416e+05	 6.11237123325959837530e+04	-1.60710735100929811597e+06	-3.90070059756881278008e+06	 3.11442422820869134739e+05	 2.98918818418946582824e+05	 2.28321536398892849684e+06	 6.54994020024417835657e+01	 6.38246676528845782173e+01	 5.32995724228553910962e+01	 4.86338646838790111815e+01	 6.07635345998546807095e+05	 6.25134914262465317734e+05	 5.45055702922372147441e+05	 5.09861915795853361487e+05	
 8.41245774820463765309e+00	 1.62141896831787768463e+00	-3.85047721102429818529e+01	-1.72328722531054893352e+02	 8.58482147649155535873e+00	 1.79440223784819750108e+01	 6.54994020024417835657e+01	 9.39634861993906937705e-03	0.00000000000000000000e+00	0.00000000000000000000e+00	-2.74332795791986522316e-19	 8.40451412033213216546e+01	-1.16434639707563292177e-14	0.00000000000000000000e+00	0.00000000000000000000e+00	
 8.51860883045301697791e+00	 1.80363670310775425776e+00	-3.50613395464918085054e+01	-1.59213192569918135177e+02	 7.54627749079852883085e+00	 1.62484666254119005657e+01	 6.38246676528845782173e+01	0.00000000000000000000e+00	 8.56318342122320934340e-03	0.00000000000000000000e+00	0.00000000000000000000e+00	0.00000000000000000000e+00	 8.02306852770109202311e+01	-6.02745934760728907520e-15	 6.09234884763054651557e-15	
 7.29029876963959111436e+00	 1.65231974284013904963e+00	-2.67108013161990172080e+01	-1.27024144079880770164e+02	 5.44034564615655824582e+00	 1.27787857381750526997e+01	 5.32995724228553910962e+01	0.00000000000000000000e+00	0.00000000000000000000e+00	 6.74599957261613671772e-03	 2.66921257503511394349e-19	0.00000000000000000000e+00	0.00000000000000000000e+00	 6.62046628211935939134e+01	0.00000000000000000000e+00	
 6.89134091152377692424e+00	 1.65823748075478571984e+00	-2.02842602388414690040e+01	-1.11690248658205319998e+02	 3.59843681809433446617e+00	 1.12308353061834687026e+01	 4.86338646838790111815e+01	-2.74332795791986522316e-19	0.00000000000000000000e+00	 2.66921257503511394349e-19	 5.88318997590930349573e-03	0.00000000000000000000e+00	0.00000000000000000000e+00	0.00000000000000000000e+00	 6.06310278075109678753e+01	
 1.22601636823342356365e+05	 2.52109073744316337979e+04	-7.10421954476760001853e+04	-1.86037862358713150024e+06	-1.84299847289472745615e+04	 2.02339063231250678655e+05	 6.07635345998546807095e+05	 8.40451412033213216546e+01	0.00000000000000000000e+00	0.00000000000000000000e+00	0.00000000000000000000e+00	 1.00735507752888556570e+06	0.00000000000000000000e+00	 2.91526802698172105011e-11	-2.94733126793289557099e-11	
 1.27316698586538521340e+05	 2.83765909904948639451e+04	-3.07679520037494585267e+04	-1.82521288671920634806e+06	-3.07710750709122912667e+04	 1.95387058758612489328e+05	 6.25134914262465317734e+05	-1.16434639707563292177e-14	 8.02306852770109202311e+01	0.00000000000000000000e+00	0.00000000000000000000e+00	0.00000000000000000000e+00	 1.01386761155725922436e+06	0.00000000000000000000e+00	0.00000000000000000000e+00	
 1.13824706298752484145e+05	 2.68527891776938049588e+04	 3.15389156253787659807e+04	-1.55665182771391817369e+06	-4.40514542270929741790e+04	 1.65462341930677765049e+05	 5.45055702922372147441e+05	0.00000000000000000000e+00	-6.02745934760728907520e-15	 6.62046628211935939134e+01	0.00000000000000000000e+00	 2.91526802698172105011e-11	0.00000000000000000000e+00	 8.88183476234298199415e+05	 3.04538616546778939664e-11	
 1.16182113443572889082e+05	 2.87571901229608447466e+04	 1.55483501945551775862e+05	-1.49555900773774413392e+06	-7.87582204213673248887e+04	 1.61287019067622255534e+05	 5.09861915795853361487e+05	0.00000000000000000000e+00	 6.09234884763054651557e-15	0.00000000000000000000e+00	 6.06310278075109678753e+01	-2.94733126793289557099e-11	0.00000000000000000000e+00	 3.04538616546778939664e-11	 8.82322986794154741801e+05	
