#           w0_fld,           wa_fld,          Omega_b,                h,              n_s,           sigma8,     Omega_m_camb,          P_shot0,          P_shot1,          P_shot2,          P_shot3,      lnbsigma8_0,      lnbsigma8_1,      lnbsigma8_2,      lnbsigma8_3
 7.04633288437621231424e+04	 1.65451247629633362521e+04	 7.89466150184045836795e+04	-7.70260543118631117977e+05	-5.58419488851838978007e+04	 8.73566545058539777528e+04	 2.42324118180151068373e+05	 8.53874909040339247213e+00	 8.58829623882675363689e+00	 7.31050244682253946849e+00	 6.87198021611488041316e+00	 1.23800715537470445270e+05	 1.28088575105273019290e+05	 1.14112632446002113284e+05	 1.15946151411100931000e+05	
 1.65451247629633362521e+04	 4.25647289231936792930e+03	 2.09166492333818969200e+04	-1.55395759480095468462e+05	-1.34848333320072670176e+04	 1.36231017872171996714e+04	 6.12523385662679938832e+04	 1.68747745843109986374e+00	 1.85876493828171751588e+00	 1.68987353933547224116e+00	 1.68331012885369979415e+00	 2.57977934767909537186e+04	 2.89211853419945000496e+04	 2.72682621440045659256e+04	 2.90728619214736900176e+04	
 7.89466150184045836795e+04	 2.09166492333818969200e+04	 4.61873159917429368943e+06	-3.51569501876870854176e+04	-8.83344332236132933758e+05	 2.60468888958039970021e+04	-1.61009423183221975341e+06	-3.85307116711148438526e+01	-3.50908978604293793069e+01	-2.67354041382245384284e+01	-2.03001705956207345594e+01	-7.16765688263050105888e+04	-3.13179912520355392189e+04	 3.11697569123067660257e+04	 1.55232296491304703522e+05	
-7.70260543118631117977e+05	-1.55395759480095468462e+05	-3.51569501876870854176e+04	 1.38447648691845815629e+07	 1.11173371095465554390e+05	-1.67619501078994455747e+06	-4.03117445323808118701e+06	-1.71237532306600940046e+02	-1.58238243404832104488e+02	-1.26270798088786364133e+02	-1.11033407127383583202e+02	-1.85884237414773181081e+06	-1.82307081476666824892e+06	-1.55408900583598157391e+06	-1.49170519635721854866e+06	
-5.58419488851838978007e+04	-1.34848333320072670176e+04	-8.83344332236132933758e+05	 1.11173371095465554390e+05	 2.53117135925122740446e+05	-3.96072144396892399527e+04	 3.09873366647628368810e+05	 8.58013867898564441816e+00	 7.54217029552809581361e+00	 5.43694205464828250740e+00	 3.59478397353042478102e+00	-1.83439191967356164241e+04	-3.07016692532088345615e+04	-4.40053282124307152117e+04	-7.86995002436818613205e+04	
 8.73566545058539777528e+04	 1.36231017872171996714e+04	 2.60468888958039970021e+04	-1.67619501078994455747e+06	-3.96072144396892399527e+04	 2.68375706962345517240e+05	 3.25596856065208325163e+05	 1.76951316154143611925e+01	 1.60134942520262484322e+01	 1.25841344720444929806e+01	 1.10429149171084617365e+01	 2.00927665681118960492e+05	 1.93722742003426305018e+05	 1.63717392559504427481e+05	 1.59003481921093218261e+05	
 2.42324118180151068373e+05	 6.12523385662679938832e+04	-1.61009423183221975341e+06	-4.03117445323808118701e+06	 3.09873366647628368810e+05	 3.25596856065208325163e+05	 2.29343198539368761703e+06	 6.65218405766876514917e+01	 6.48696978010476641430e+01	 5.41933100289363665070e+01	 4.94735487216380960263e+01	 6.17646997729538823478e+05	 6.36076918584161438048e+05	 5.55235720752558438107e+05	 5.20673651561561273411e+05	
 8.53874909040339247213e+00	 1.68747745843109986374e+00	-3.85307116711148438526e+01	-1.71237532306600940046e+02	 8.58013867898564441816e+00	 1.76951316154143611925e+01	 6.65218405766876514917e+01	 9.39130270233654029788e-03	0.00000000000000000000e+00	 3.44636530414093450458e-19	 3.38707299783313348085e-19	 8.43177100122144338457e+01	0.00000000000000000000e+00	0.00000000000000000000e+00	0.00000000000000000000e+00	
 8.58829623882675363689e+00	 1.85876493828171751588e+00	-3.50908978604293793069e+01	-1.58238243404832104488e+02	 7.54217029552809581361e+00	 1.60134942520262484322e+01	 6.48696978010476641430e+01	0.00000000000000000000e+00	 8.56112557644320495975e-03	0.00000000000000000000e+00	0.00000000000000000000e+00	0.00000000000000000000e+00	 8.04881243603310281287e+01	0.00000000000000000000e+00	0.00000000000000000000e+00	
 7.31050244682253946849e+00	 1.68987353933547224116e+00	-2.67354041382245384284e+01	-1.26270798088786364133e+02	 5.43694205464828250740e+00	 1.25841344720444929806e+01	 5.41933100289363665070e+01	 3.44636530414093450458e-19	0.00000000000000000000e+00	 6.74653895809063531425e-03	0.00000000000000000000e+00	0.00000000000000000000e+00	0.00000000000000000000e+00	 6.64130932708397381248e+01	0.00000000000000000000e+00	
 6.87198021611488041316e+00	 1.68331012885369979415e+00	-2.03001705956207345594e+01	-1.11033407127383583202e+02	 3.59478397353042478102e+00	 1.10429149171084617365e+01	 4.94735487216380960263e+01	 3.38707299783313348085e-19	0.00000000000000000000e+00	0.00000000000000000000e+00	 5.88572366788049725767e-03	0.00000000000000000000e+00	0.00000000000000000000e+00	0.00000000000000000000e+00	 6.08115813127100182101e+01	
 1.23800715537470445270e+05	 2.57977934767909537186e+04	-7.16765688263050105888e+04	-1.85884237414773181081e+06	-1.83439191967356164241e+04	 2.00927665681118960492e+05	 6.17646997729538823478e+05	 8.43177100122144338457e+01	0.00000000000000000000e+00	0.00000000000000000000e+00	0.00000000000000000000e+00	 1.01170961643744166940e+06	0.00000000000000000000e+00	0.00000000000000000000e+00	0.00000000000000000000e+00	
 1.28088575105273019290e+05	 2.89211853419945000496e+04	-3.13179912520355392189e+04	-1.82307081476666824892e+06	-3.07016692532088345615e+04	 1.93722742003426305018e+05	 6.36076918584161438048e+05	0.00000000000000000000e+00	 8.04881243603310281287e+01	0.00000000000000000000e+00	0.00000000000000000000e+00	0.00000000000000000000e+00	 1.01812472557345428504e+06	-3.68256536376065923832e-11	0.00000000000000000000e+00	
 1.14112632446002113284e+05	 2.72682621440045659256e+04	 3.11697569123067660257e+04	-1.55408900583598157391e+06	-4.40053282124307152117e+04	 1.63717392559504427481e+05	 5.55235720752558438107e+05	0.00000000000000000000e+00	0.00000000000000000000e+00	 6.64130932708397381248e+01	0.00000000000000000000e+00	0.00000000000000000000e+00	-3.68256536376065923832e-11	 8.91733173964456887916e+05	0.00000000000000000000e+00	
 1.15946151411100931000e+05	 2.90728619214736900176e+04	 1.55232296491304703522e+05	-1.49170519635721854866e+06	-7.86995002436818613205e+04	 1.59003481921093218261e+05	 5.20673651561561273411e+05	0.00000000000000000000e+00	0.00000000000000000000e+00	0.00000000000000000000e+00	 6.08115813127100182101e+01	0.00000000000000000000e+00	0.00000000000000000000e+00	0.00000000000000000000e+00	 8.85444081769259646535e+05	
