#           w0_fld,           wa_fld,          Omega_b,                h,              n_s,           sigma8,     Omega_m_camb,          P_shot0,          P_shot1,          P_shot2,          P_shot3,      lnbsigma8_0,      lnbsigma8_1,      lnbsigma8_2,      lnbsigma8_3
 7.04553603798328840639e+04	 1.64074666862529775244e+04	 8.05427224179281911347e+04	-7.68639309319724445231e+05	-5.60927617758789419895e+04	 8.78944853179861966055e+04	 2.37439750088205677457e+05	 8.41247575881661546759e+00	 8.51857008756628530932e+00	 7.29026300399712567923e+00	 6.89130423402786007614e+00	 1.22601913332074444043e+05	 1.27316630412877057097e+05	 1.13824409984070473001e+05	 1.16181663414076407207e+05	
 1.64074666862529775244e+04	 4.28514075775256787892e+03	 2.12664340726793525391e+04	-1.48551571026710094884e+05	-1.34470108082201913930e+04	 1.23177686446739498933e+04	 6.11235444195601012325e+04	 1.62142959662332786230e+00	 1.80365413882323322170e+00	 1.65231853281609986084e+00	 1.65823197374628872325e+00	 2.52109598219042818528e+04	 2.83767136577815763303e+04	 2.68527535305078163219e+04	 2.87570865103880059905e+04	
 8.05427224179281911347e+04	 2.12664340726793525391e+04	 4.60882224748784955591e+06	-2.07392423431629140396e+04	-8.84170249226051848382e+05	 2.82259084980218503915e+04	-1.60711283917223196477e+06	-3.85066588462990182506e+01	-3.50632666240526802426e+01	-2.67126119748394934561e+01	-2.02861083133928161715e+01	-7.10644834031729260460e+04	-3.07905078133709612302e+04	 3.15187570818042950123e+04	 1.55464110407677886542e+05	
-7.68639309319724445231e+05	-1.48551571026710094884e+05	-2.07392423431629140396e+04	 1.41034186280088257045e+07	 1.11112128173231059918e+05	-1.74035665917170234025e+06	-3.90070627750073559582e+06	-1.72327273356165221685e+02	-1.59212012078227331813e+02	-1.27023408860740985915e+02	-1.11689772510027836461e+02	-1.86037424676881101914e+06	-1.82521072357021411881e+06	-1.55665242641303688288e+06	-1.49556225584040442482e+06	
-5.60927617758789419895e+04	-1.34470108082201913930e+04	-8.84170249226051848382e+05	 1.11112128173231059918e+05	 2.53434368676333950134e+05	-4.10952436892126570456e+04	 3.11433989982764469460e+05	 8.58482031201126538633e+00	 7.54627685853292362594e+00	 5.44034548994843714098e+00	 3.59843712066183174514e+00	-1.84299392107748790295e+04	-3.07710360146249659010e+04	-4.40514299453278217698e+04	-7.87582192667971539777e+04	
 8.78944853179861966055e+04	 1.23177686446739498933e+04	 2.82259084980218503915e+04	-1.74035665917170234025e+06	-4.10952436892126570456e+04	 2.84980621408028062433e+05	 2.98917845802559400909e+05	 1.79440198834709931930e+01	 1.62484649102438361012e+01	 1.27787847389490210048e+01	 1.12308348317146933226e+01	 2.02339042170111963060e+05	 1.95387046228477731347e+05	 1.65462338714497425826e+05	 1.61287024334506248124e+05	
 2.37439750088205677457e+05	 6.11235444195601012325e+04	-1.60711283917223196477e+06	-3.90070627750073559582e+06	 3.11433989982764469460e+05	 2.98917845802559400909e+05	 2.28316792635479290038e+06	 6.54987135123139978532e+01	 6.38240235611201001120e+01	 5.32991206855428742983e+01	 4.86335157635636647910e+01	 6.07631743004296324216e+05	 6.25132073684043250978e+05	 5.45051722884698072448e+05	 5.09860410584186436608e+05	
 8.41247575881661546759e+00	 1.62142959662332786230e+00	-3.85066588462990182506e+01	-1.72327273356165221685e+02	 8.58482031201126538633e+00	 1.79440198834709931930e+01	 6.54987135123139978532e+01	 9.39634824687309890001e-03	0.00000000000000000000e+00	0.00000000000000000000e+00	0.00000000000000000000e+00	 8.40451208815159702681e+01	0.00000000000000000000e+00	0.00000000000000000000e+00	0.00000000000000000000e+00	
 8.51857008756628530932e+00	 1.80365413882323322170e+00	-3.50632666240526802426e+01	-1.59212012078227331813e+02	 7.54627685853292362594e+00	 1.62484649102438361012e+01	 6.38240235611201001120e+01	0.00000000000000000000e+00	 8.56318317168501888514e-03	0.00000000000000000000e+00	0.00000000000000000000e+00	0.00000000000000000000e+00	 8.02306728104787509892e+01	0.00000000000000000000e+00	-6.75154376850173321145e-15	
 7.29026300399712567923e+00	 1.65231853281609986084e+00	-2.67126119748394934561e+01	-1.27023408860740985915e+02	 5.44034548994843714098e+00	 1.27787847389490210048e+01	 5.32991206855428742983e+01	0.00000000000000000000e+00	0.00000000000000000000e+00	 6.74599942117134424718e-03	0.00000000000000000000e+00	0.00000000000000000000e+00	0.00000000000000000000e+00	 6.62046581479171152296e+01	0.00000000000000000000e+00	
 6.89130423402786007614e+00	 1.65823197374628872325e+00	-2.02861083133928161715e+01	-1.11689772510027836461e+02	 3.59843712066183174514e+00	 1.12308348317146933226e+01	 4.86335157635636647910e+01	0.00000000000000000000e+00	0.00000000000000000000e+00	0.00000000000000000000e+00	 5.88318990577458254820e-03	0.00000000000000000000e+00	0.00000000000000000000e+00	0.00000000000000000000e+00	 6.06310294596466832218e+01	
 1.22601913332074444043e+05	 2.52109598219042818528e+04	-7.10644834031729260460e+04	-1.86037424676881101914e+06	-1.84299392107748790295e+04	 2.02339042170111963060e+05	 6.07631743004296324216e+05	 8.40451208815159702681e+01	0.00000000000000000000e+00	0.00000000000000000000e+00	0.00000000000000000000e+00	 1.00735513730804575607e+06	0.00000000000000000000e+00	0.00000000000000000000e+00	 3.26565441355342045426e-11	
 1.27316630412877057097e+05	 2.83767136577815763303e+04	-3.07905078133709612302e+04	-1.82521072357021411881e+06	-3.07710360146249659010e+04	 1.95387046228477731347e+05	 6.25132073684043250978e+05	0.00000000000000000000e+00	 8.02306728104787509892e+01	0.00000000000000000000e+00	0.00000000000000000000e+00	0.00000000000000000000e+00	 1.01386767330068093725e+06	0.00000000000000000000e+00	0.00000000000000000000e+00	
 1.13824409984070473001e+05	 2.68527535305078163219e+04	 3.15187570818042950123e+04	-1.55665242641303688288e+06	-4.40514299453278217698e+04	 1.65462338714497425826e+05	 5.45051722884698072448e+05	0.00000000000000000000e+00	0.00000000000000000000e+00	 6.62046581479171152296e+01	0.00000000000000000000e+00	0.00000000000000000000e+00	0.00000000000000000000e+00	 8.88183529205979313701e+05	-3.37365690938895568252e-11	
 1.16181663414076407207e+05	 2.87570865103880059905e+04	 1.55464110407677886542e+05	-1.49556225584040442482e+06	-7.87582192667971539777e+04	 1.61287024334506248124e+05	 5.09860410584186436608e+05	0.00000000000000000000e+00	-6.75154376850173321145e-15	0.00000000000000000000e+00	 6.06310294596466832218e+01	 3.26565441355342045426e-11	0.00000000000000000000e+00	-3.37365690938895568252e-11	 8.82323024225958273746e+05	
