#           w0_fld,           wa_fld,          Omega_b,                h,              n_s,           sigma8,     Omega_m_camb,          P_shot0,          P_shot1,          P_shot2,          P_shot3,      lnbsigma8_0,      lnbsigma8_1,      lnbsigma8_2,      lnbsigma8_3
 7.04632226043670380022e+04	 1.65457365322258774540e+04	 7.89470933049542945810e+04	-7.70268975055718328804e+05	-5.58402580394740361953e+04	 8.73559919904704293003e+04	 2.42322832673860713840e+05	 8.53878027771997238915e+00	 8.58832489016760014522e+00	 7.31053122523499787633e+00	 6.87200874760487057102e+00	 1.23800394705444661668e+05	 1.28088266336813379894e+05	 1.14112407376151822973e+05	 1.15945943406136299018e+05	
 1.65457365322258774540e+04	 4.25657224705140288279e+03	 2.09141721047170685779e+04	-1.55394907720306538977e+05	-1.34849304776498720457e+04	 1.36230761807167382358e+04	 6.12523291422572656302e+04	 1.68746995310246949984e+00	 1.85875860586517438477e+00	 1.68987047897135700403e+00	 1.68331203482396274396e+00	 2.57978135937691404251e+04	 2.89212381141470686998e+04	 2.72683602849534727284e+04	 2.90730681871767046687e+04	
 7.89470933049542945810e+04	 2.09141721047170685779e+04	 4.61871145454989001155e+06	-3.51585752846521354513e+04	-8.83318374100407352671e+05	 2.60393855589897502796e+04	-1.61005743884539022110e+06	-3.85289646656236470790e+01	-3.50893389081786750694e+01	-2.67344654434086521633e+01	-2.02995714364167199051e+01	-7.16709134147670411039e+04	-3.13138918107966092066e+04	 3.11696932316613456351e+04	 1.55228143599684408400e+05	
-7.70268975055718328804e+05	-1.55394907720306538977e+05	-3.51585752846521354513e+04	 1.38447216896190680563e+07	 1.11210212812469195342e+05	-1.67619925307427765802e+06	-4.03120187816431466490e+06	-1.71235529364961394094e+02	-1.58236555721481067849e+02	-1.26269530499886997177e+02	-1.11032477123440344258e+02	-1.85883918353356840089e+06	-1.82307077769210725091e+06	-1.55409173799364408478e+06	-1.49171330863165366463e+06	
-5.58402580394740361953e+04	-1.34849304776498720457e+04	-8.83318374100407352671e+05	 1.11210212812469195342e+05	 2.53117174839123152196e+05	-3.96072334801923570922e+04	 3.09869409596996847540e+05	 8.58013978160294499276e+00	 7.54217089373165450183e+00	 5.43694220168486275213e+00	 3.59478368596644504152e+00	-1.83439625620805963990e+04	-3.07017064502324137720e+04	-4.40053513141740113497e+04	-7.86995012583992211148e+04	
 8.73559919904704293003e+04	 1.36230761807167382358e+04	 2.60393855589897502796e+04	-1.67619925307427765802e+06	-3.96072334801923570922e+04	 2.68375713354437844828e+05	 3.25596394290759635624e+05	 1.76951338508144573325e+01	 1.60134957815011276239e+01	 1.25841353604051722215e+01	 1.10429153345195167901e+01	 2.00927684813838161062e+05	 1.93722753106620162725e+05	 1.63717395002869889140e+05	 1.59003476470853842329e+05	
 2.42322832673860713840e+05	 6.12523291422572656302e+04	-1.61005743884539022110e+06	-4.03120187816431466490e+06	 3.09869409596996847540e+05	 3.25596394290759635624e+05	 2.29342271366737876087e+06	 6.65218641425016130597e+01	 6.48697022750920382350e+01	 5.41932990544326429472e+01	 4.94735150732305442034e+01	 6.17646878926275996491e+05	 6.36076790881965542212e+05	 5.55235687298964243382e+05	 5.20673959666570881382e+05	
 8.53878027771997238915e+00	 1.68746995310246949984e+00	-3.85289646656236470790e+01	-1.71235529364961394094e+02	 8.58013978160294499276e+00	 1.76951338508144573325e+01	 6.65218641425016130597e+01	 9.39130305533583502331e-03	 3.25895926456092055457e-19	 3.09272904866226411302e-19	0.00000000000000000000e+00	 8.43177293801887799418e+01	0.00000000000000000000e+00	0.00000000000000000000e+00	0.00000000000000000000e+00	
 8.58832489016760014522e+00	 1.85875860586517438477e+00	-3.50893389081786750694e+01	-1.58236555721481067849e+02	 7.54217089373165450183e+00	 1.60134957815011276239e+01	 6.48697022750920382350e+01	 3.25895926456092055457e-19	 8.56112581275094743083e-03	-3.17002080509921901896e-19	0.00000000000000000000e+00	0.00000000000000000000e+00	 8.04881362473498995769e+01	0.00000000000000000000e+00	0.00000000000000000000e+00	
 7.31053122523499787633e+00	 1.68987047897135700403e+00	-2.67344654434086521633e+01	-1.26269530499886997177e+02	 5.43694220168486275213e+00	 1.25841353604051722215e+01	 5.41932990544326429472e+01	 3.09272904866226411302e-19	-3.17002080509921901896e-19	 6.74653910163421684926e-03	0.00000000000000000000e+00	0.00000000000000000000e+00	0.00000000000000000000e+00	 6.64130977308282126614e+01	0.00000000000000000000e+00	
 6.87200874760487057102e+00	 1.68331203482396274396e+00	-2.02995714364167199051e+01	-1.11032477123440344258e+02	 3.59478368596644504152e+00	 1.10429153345195167901e+01	 4.94735150732305442034e+01	0.00000000000000000000e+00	0.00000000000000000000e+00	0.00000000000000000000e+00	 5.88572373441936455563e-03	0.00000000000000000000e+00	0.00000000000000000000e+00	0.00000000000000000000e+00	 6.08115797420867920664e+01	
 1.23800394705444661668e+05	 2.57978135937691404251e+04	-7.16709134147670411039e+04	-1.85883918353356840089e+06	-1.83439625620805963990e+04	 2.00927684813838161062e+05	 6.17646878926275996491e+05	 8.43177293801887799418e+01	0.00000000000000000000e+00	0.00000000000000000000e+00	0.00000000000000000000e+00	 1.01170955945982341655e+06	0.00000000000000000000e+00	-3.23019389014689295436e-11	0.00000000000000000000e+00	
 1.28088266336813379894e+05	 2.89212381141470686998e+04	-3.13138918107966092066e+04	-1.82307077769210725091e+06	-3.07017064502324137720e+04	 1.93722753106620162725e+05	 6.36076790881965542212e+05	0.00000000000000000000e+00	 8.04881362473498995769e+01	0.00000000000000000000e+00	0.00000000000000000000e+00	0.00000000000000000000e+00	 1.01812466673200973310e+06	0.00000000000000000000e+00	0.00000000000000000000e+00	
 1.14112407376151822973e+05	 2.72683602849534727284e+04	 3.11696932316613456351e+04	-1.55409173799364408478e+06	-4.40053513141740113497e+04	 1.63717395002869889140e+05	 5.55235687298964243382e+05	0.00000000000000000000e+00	0.00000000000000000000e+00	 6.64130977308282126614e+01	0.00000000000000000000e+00	-3.23019389014689295436e-11	0.00000000000000000000e+00	 8.91733123483543749899e+05	 3.37507799486047588289e-11	
 1.15945943406136299018e+05	 2.90730681871767046687e+04	 1.55228143599684408400e+05	-1.49171330863165366463e+06	-7.86995012583992211148e+04	 1.59003476470853842329e+05	 5.20673959666570881382e+05	0.00000000000000000000e+00	0.00000000000000000000e+00	0.00000000000000000000e+00	 6.08115797420867920664e+01	0.00000000000000000000e+00	0.00000000000000000000e+00	 3.37507799486047588289e-11	 8.85444046092204400338e+05	
