#           w0_fld,           wa_fld,          Omega_b,                h,              n_s,           sigma8,     Omega_m_camb,          P_shot0,          P_shot1,          P_shot2,          P_shot3,      lnbsigma8_0,      lnbsigma8_1,      lnbsigma8_2,      lnbsigma8_3
 7.04610578413579933112e+04	 1.65413670213076075015e+04	 7.89589474978101206943e+04	-7.70268112781000440009e+05	-5.58449461486970758415e+04	 8.73581781922910449794e+04	 2.42326068491780431941e+05	 8.53889539222029370080e+00	 8.58838776470681963815e+00	 7.31053083721141483409e+00	 6.87194619393138861341e+00	 1.23801587898456535186e+05	 1.28088743618149412214e+05	 1.14112043875472270884e+05	 1.15944455503737292020e+05	
 1.65413670213076075015e+04	 4.25615892670867651759e+03	 2.09155472075843135826e+04	-1.55401267165800411021e+05	-1.34855919425531938032e+04	 1.36240248584507789928e+04	 6.12546937231718184194e+04	 1.68754551567826416303e+00	 1.85882624071532176480e+00	 1.68991027088300160841e+00	 1.68331561742429358652e+00	 2.57983794906766379427e+04	 2.89216183772543736268e+04	 2.72683703731150453677e+04	 2.90724527880001369340e+04	
 7.89589474978101206943e+04	 2.09155472075843135826e+04	 4.61858127259578555822e+06	-3.52611225945341720944e+04	-8.83332118031962309033e+05	 2.60241088385436742101e+04	-1.60997417322468943894e+06	-3.85295254964025133404e+01	-3.50901363634114460410e+01	-2.67351762653222166932e+01	-2.03000831753293411452e+01	-7.16858352800640568603e+04	-3.13301525295084647951e+04	 3.11561445012641779613e+04	 1.55219182490029430483e+05	
-7.70268112781000440009e+05	-1.55401267165800411021e+05	-3.52611225945341720944e+04	 1.38443047980898823589e+07	 1.11175823901803072658e+05	-1.67616904513323260471e+06	-4.03114424829856865108e+06	-1.71235209665853062688e+02	-1.58236125125051273699e+02	-1.26269167373410297728e+02	-1.11032001677573077814e+02	-1.85881554943322273903e+06	-1.82304462234346475452e+06	-1.55406723183706030250e+06	-1.49168500917043304071e+06	
-5.58449461486970758415e+04	-1.34855919425531938032e+04	-8.83332118031962309033e+05	 1.11175823901803072658e+05	 2.53116900337262952235e+05	-3.96070991647734481376e+04	 3.09871727637593518011e+05	 8.58013200391271269041e+00	 7.54216667416323005568e+00	 5.43694116470645383288e+00	 3.59478571458571449782e+00	-1.83436566574288008269e+04	-3.07014440576235865592e+04	-4.40051883500731346430e+04	-7.86994940986384754069e+04	
 8.73581781922910449794e+04	 1.36240248584507789928e+04	 2.60241088385436742101e+04	-1.67616904513323260471e+06	-3.96070991647734481376e+04	 2.68375668259105994366e+05	 3.25594967538648284972e+05	 1.76951180818013931173e+01	 1.60134849921927937544e+01	 1.25841290936373084719e+01	 1.10429123898334680121e+01	 2.00927549846910173073e+05	 1.93722674781013804022e+05	 1.63717377764967270195e+05	 1.59003514914321771357e+05	
 2.42326068491780431941e+05	 6.12546937231718184194e+04	-1.60997417322468943894e+06	-4.03114424829856865108e+06	 3.09871727637593518011e+05	 3.25594967538648284972e+05	 2.29343837811072962359e+06	 6.65213843037880252496e+01	 6.48692330446011311551e+01	 5.41929761936589073912e+01	 4.94734124751691410893e+01	 6.17646672003031824715e+05	 6.36076568611241877079e+05	 5.55235914901694632135e+05	 5.20674894399880664423e+05	
 8.53889539222029370080e+00	 1.68754551567826416303e+00	-3.85295254964025133404e+01	-1.71235209665853062688e+02	 8.58013200391271269041e+00	 1.76951180818013931173e+01	 6.65213843037880252496e+01	 9.39130056527321538384e-03	0.00000000000000000000e+00	0.00000000000000000000e+00	0.00000000000000000000e+00	 8.43175927575250057089e+01	0.00000000000000000000e+00	0.00000000000000000000e+00	0.00000000000000000000e+00	
 8.58838776470681963815e+00	 1.85882624071532176480e+00	-3.50901363634114460410e+01	-1.58236125125051273699e+02	 7.54216667416323005568e+00	 1.60134849921927937544e+01	 6.48692330446011311551e+01	0.00000000000000000000e+00	 8.56112414581563542504e-03	0.00000000000000000000e+00	0.00000000000000000000e+00	 1.16642806524680509028e-14	 8.04880523956350657500e+01	0.00000000000000000000e+00	0.00000000000000000000e+00	
 7.31053083721141483409e+00	 1.68991027088300160841e+00	-2.67351762653222166932e+01	-1.26269167373410297728e+02	 5.43694116470645383288e+00	 1.25841290936373084719e+01	 5.41929761936589073912e+01	0.00000000000000000000e+00	0.00000000000000000000e+00	 6.74653808908265689021e-03	0.00000000000000000000e+00	0.00000000000000000000e+00	0.00000000000000000000e+00	 6.64130662699119511672e+01	0.00000000000000000000e+00	
 6.87194619393138861341e+00	 1.68331561742429358652e+00	-2.03000831753293411452e+01	-1.11032001677573077814e+02	 3.59478571458571449782e+00	 1.10429123898334680121e+01	 4.94734124751691410893e+01	0.00000000000000000000e+00	0.00000000000000000000e+00	0.00000000000000000000e+00	 5.88572326504512542689e-03	0.00000000000000000000e+00	0.00000000000000000000e+00	0.00000000000000000000e+00	 6.08115908213134019888e+01	
 1.23801587898456535186e+05	 2.57983794906766379427e+04	-7.16858352800640568603e+04	-1.85881554943322273903e+06	-1.83436566574288008269e+04	 2.00927549846910173073e+05	 6.17646672003031824715e+05	 8.43175927575250057089e+01	 1.16642806524680509028e-14	0.00000000000000000000e+00	0.00000000000000000000e+00	 1.01170996138289768714e+06	-2.88622459265752695501e-11	0.00000000000000000000e+00	-2.94662072519713547081e-11	
 1.28088743618149412214e+05	 2.89216183772543736268e+04	-3.13301525295084647951e+04	-1.82304462234346475452e+06	-3.07014440576235865592e+04	 1.93722674781013804022e+05	 6.36076568611241877079e+05	0.00000000000000000000e+00	 8.04880523956350657500e+01	0.00000000000000000000e+00	0.00000000000000000000e+00	-2.88622459265752695501e-11	 1.01812508180273231119e+06	0.00000000000000000000e+00	-3.01554337056586518884e-11	
 1.14112043875472270884e+05	 2.72683703731150453677e+04	 3.11561445012641779613e+04	-1.55406723183706030250e+06	-4.40051883500731346430e+04	 1.63717377764967270195e+05	 5.55235914901694632135e+05	0.00000000000000000000e+00	0.00000000000000000000e+00	 6.64130662699119511672e+01	0.00000000000000000000e+00	0.00000000000000000000e+00	0.00000000000000000000e+00	 8.91733479578777099960e+05	0.00000000000000000000e+00	
 1.15944455503737292020e+05	 2.90724527880001369340e+04	 1.55219182490029430483e+05	-1.49168500917043304071e+06	-7.86994940986384754069e+04	 1.59003514914321771357e+05	 5.20674894399880664423e+05	0.00000000000000000000e+00	0.00000000000000000000e+00	0.00000000000000000000e+00	 6.08115908213134019888e+01	-2.94662072519713547081e-11	-3.01554337056586518884e-11	0.00000000000000000000e+00	 8.85444297759605688043e+05	
