#
# This file contains a Fisher matrix created with the CosmicFish code.
#
# The parameters of this Fisher matrix are:
#
#    1    Omegam    \Omega_{{\rm m}, 0}    0.32
#    2    Omegab    \Omega_{{\rm b}, 0}    0.05
#    3    h    h    0.67
#    4    ns    n_{\rm s}    0.96
#    5    sigma8    \sigma_8    0.815584
#    6    w0    w_0    -1.0
#    7    wa    w_a    0.0
#    8    b1    b_1    1.099773
#    9    b2    b_2    1.220246
#    10    b3    b_3    1.272399
#    11    b4    b_4    1.316624
#    12    b5    b_5    1.358124
#    13    b6    b_6    1.399821
#    14    b7    b_7    1.444645
#    15    b8    b_8    1.496496
#    16    b9    b_9    1.565248
#    17    b10    b_{10}    1.742986
#    18    AIA    A_{IA}    1.72
#    19    betaIA    \beta_{IA}    2.17
#    20    etaIA    \eta_{IA}    -0.41
#    21    lnbgs8_1    \ln(b_g \sigma_8)_1    -0.325399
#    22    lnbgs8_2    \ln(b_g \sigma_8)_2    -0.31588
#    23    lnbgs8_3    \ln(b_g \sigma_8)_3    -0.311505
#    24    lnbgs8_4    \ln(b_g \sigma_8)_4    -0.32014
#    25    Ps_1    P_{S1}    0.0
#    26    Ps_2    P_{S2}    0.0
#    27    Ps_3    P_{S3}    0.0
#    28    Ps_4    P_{S4}    0.0
#
2.2566966162820373E+07     -1.4556381362678358E+07     -7.7091257309970679E+05     4.5970142954621026E+06     2.4255698846270852E+07     2.3251889680387336E+06     5.7140437498692726E+05     -8.8962413478363189E+05     3.7218589203648822E+05     5.8428270729244302E+05     6.8915021277641365E+05     7.2635042581195582E+05     7.7510076550114166E+05     6.9458613186316390E+05     7.8394836511374230E+05     7.0767874538254808E+05     4.4478312578321167E+05     1.7721546296064451E+04     1.0023745082986516E+04     3.1062976746914937E+04     6.1734138399618724E+05     6.3582544085503730E+05     5.5497474644231959E+05     5.2082179346855509E+05     6.6486838465677451E+01     6.4840736974586505E+01     5.4163810807548572E+01     4.9484827950458360E+01     
-1.4556381362678358E+07     2.5035123095817432E+07     -4.9856119794754051E+06     -6.8998432300762990E+06     -3.6355245884804398E+07     -6.2742798289928138E+06     -1.2985034848429502E+06     -2.5473696067929165E+06     -2.0652465044475859E+06     -1.6364096057418559E+06     -1.5351094749248582E+06     -1.3956280914155706E+06     -1.3586233169574495E+06     -1.1406931236389051E+06     -1.2204818240677097E+06     -1.0434908250546564E+06     -6.0544469384925475E+05     2.7843229705164708E+02     -1.9062464275324678E+03     -2.9594938323413322E+02     -7.1156113575047755E+04     -3.0841341963464394E+04     3.1652206542181841E+04     1.5559892299761419E+05     -3.8406157964613904E+01     -3.4987622864684056E+01     -2.6657127919380272E+01     -2.0261099106545764E+01     
-7.7091257309970679E+05     -4.9856119794754051E+06     1.5096280229855258E+07     1.7365348292354448E+06     7.2215531202884102E+06     7.4714792563280079E+05     1.5492371653407719E+05     7.4785179530195391E+05     5.3365262904553895E+05     3.9743264070867660E+05     3.5881232934462687E+05     3.1835161798594403E+05     3.0526619846769981E+05     2.5416763751731816E+05     2.7064232338982041E+05     2.3035171087176114E+05     1.3187395754355603E+05     -2.0747360541908455E+02     5.8278111443211412E+02     -9.7529065737776349E+01     -1.8595851235339572E+06     -1.8241584341630358E+06     -1.5552403391246903E+06     -1.4938740169316765E+06     -1.7122636528514099E+02     -1.5826040843834528E+02     -1.2629701024701491E+02     -1.1114964712751298E+02     
4.5970142954621026E+06     -6.8998432300762990E+06     1.7365348292354448E+06     2.9354848262195271E+06     1.0612904913218625E+07     1.5821571905271919E+06     2.9091437481417751E+05     1.5278461843317181E+06     8.6205836124740972E+05     5.2920665905344998E+05     3.9719574678945506E+05     2.9264905517682264E+05     2.3227869857788822E+05     1.6022847303733270E+05     1.3854857883713971E+05     8.8320917076084050E+04     2.5823008436636152E+04     -8.7449548271239905E+02     1.1928768875972230E+03     -8.9099329163559059E+02     -1.8399117785889961E+04     -3.0762058124498973E+04     -4.4094148424694678E+04     -7.8793897043446777E+04     8.5701205708325290E+00     7.5337171261466747E+00     5.4289817614406104E+00     3.5923114529539055E+00     
2.4255698846270852E+07     -3.6355245884804398E+07     7.2215531202884102E+06     1.0612904913218625E+07     8.1167137829254106E+07     1.4240428780315857E+07     2.9091622526047081E+06     6.1131336109575815E+06     5.1760007523333663E+06     4.0512846520569311E+06     3.6922807616616972E+06     3.2288083662166093E+06     3.0077110660060486E+06     2.4161391930841054E+06     2.4793019240836175E+06     2.0563619414800024E+06     1.2459676551896373E+06     4.1273596550360759E+02     3.3591869763668647E+03     1.9197850900670885E+03     2.0088471634345173E+05     1.9371935228516840E+05     1.6374246360832563E+05     1.5913781865576224E+05     1.7686599492754919E+01     1.6008527581075963E+01     1.2580743807119063E+01     1.1048567939455687E+01     
2.3251889680387336E+06     -6.2742798289928138E+06     7.4714792563280079E+05     1.5821571905271919E+06     1.4240428780315857E+07     3.0302637271126746E+06     6.2733305686583288E+05     1.1888750217316069E+06     9.9515721781782038E+05     7.9128854450146854E+05     7.3302103487936931E+05     6.4911789474420552E+05     6.1280500781233935E+05     4.9819452235925390E+05     5.1723353628243017E+05     4.3465925256558380E+05     2.6804563023916265E+05     1.3837638994534725E+03     -4.9722321867466349E+02     1.9482076199827345E+03     1.2378048263611122E+05     1.2808302029932785E+05     1.1412949484416918E+05     1.1602877244681300E+05     8.5346452226567795E+00     8.5851390221149657E+00     7.3086512205853387E+00     6.8752093863169792E+00     
5.7140437498692726E+05     -1.2985034848429502E+06     1.5492371653407719E+05     2.9091437481417751E+05     2.9091622526047081E+06     6.2733305686583288E+05     1.3456743442790455E+05     1.6451449657920349E+05     1.6931193227964354E+05     1.4904401886570433E+05     1.4777970600522286E+05     1.3830761611007864E+05     1.3694925219709054E+05     1.1607746427753034E+05     1.2546462539648169E+05     1.1020787682416361E+05     7.1580382951475854E+04     5.0672493686085807E+02     -5.5973970801772211E+01     7.6025346782518159E+02     2.5793383801638989E+04     2.8918845359384683E+04     2.7269515494057367E+04     2.9091485633065909E+04     1.6869924945107941E+00     1.8583019736487698E+00     1.6894754210395180E+00     1.6841080705761420E+00     
-8.8962413478363189E+05     -2.5473696067929165E+06     7.4785179530195391E+05     1.5278461843317181E+06     6.1131336109575815E+06     1.1888750217316069E+06     1.6451449657920349E+05     3.6806968087225873E+06     3.6867439097004331E+05     7.4579637016343304E+03     3.0845691680086966E+03     5.4922205655439529E+02     1.5427892823257412E+02     6.8743110331288449E+01     3.2063210535028396E+01     2.9667550561590126E+00     5.1580772807344042E+00     8.8958956105312851E+01     -2.5319208838211367E+02     5.0601592937636106E+01     0.0000000000000000E+00     0.0000000000000000E+00     0.0000000000000000E+00     0.0000000000000000E+00     0.0000000000000000E+00     0.0000000000000000E+00     0.0000000000000000E+00     0.0000000000000000E+00     
3.7218589203648822E+05     -2.0652465044475859E+06     5.3365262904553895E+05     8.6205836124740972E+05     5.1760007523333663E+06     9.9515721781782038E+05     1.6931193227964354E+05     3.6867439097004331E+05     1.9204031126855323E+06     3.5645230756514770E+05     9.2740734103555915E+03     2.4153593574643592E+03     3.9077074317351668E+02     2.9648095618094242E+01     1.2767738356571828E+01     1.7529002834770115E+00     1.8285114055483938E+00     -3.1676345383709901E+01     3.2734387160139569E+01     -3.1847850919032275E+01     0.0000000000000000E+00     0.0000000000000000E+00     0.0000000000000000E+00     0.0000000000000000E+00     0.0000000000000000E+00     0.0000000000000000E+00     0.0000000000000000E+00     0.0000000000000000E+00     
5.8428270729244302E+05     -1.6364096057418559E+06     3.9743264070867660E+05     5.2920665905344998E+05     4.0512846520569311E+06     7.9128854450146854E+05     1.4904401886570433E+05     7.4579637016343304E+03     3.5645230756514770E+05     1.1667630030946855E+06     3.4226550477388065E+05     8.7715292342529501E+03     2.0445159795427944E+03     2.9634982541952104E+02     2.9567585609890731E+01     6.2599169879881780E+00     8.4232295371034360E-01     1.6829254685432176E+01     3.0629601526208532E+00     1.6793889882236090E+01     0.0000000000000000E+00     0.0000000000000000E+00     0.0000000000000000E+00     0.0000000000000000E+00     0.0000000000000000E+00     0.0000000000000000E+00     0.0000000000000000E+00     0.0000000000000000E+00     
6.8915021277641365E+05     -1.5351094749248582E+06     3.5881232934462687E+05     3.9719574678945506E+05     3.6922807616616972E+06     7.3302103487936931E+05     1.4777970600522286E+05     3.0845691680086966E+03     9.2740734103555915E+03     3.4226550477388065E+05     9.5406055921028554E+05     3.0299571945290960E+05     1.0594263035663716E+04     1.8124643870149932E+03     2.4878988572593698E+02     1.7961425502507801E+01     5.0708128507135752E+00     5.0529957507633192E+00     -1.2047646438473556E+01     3.9920444392957268E+00     0.0000000000000000E+00     0.0000000000000000E+00     0.0000000000000000E+00     0.0000000000000000E+00     0.0000000000000000E+00     0.0000000000000000E+00     0.0000000000000000E+00     0.0000000000000000E+00     
7.2635042581195582E+05     -1.3956280914155706E+06     3.1835161798594403E+05     2.9264905517682264E+05     3.2288083662166093E+06     6.4911789474420552E+05     1.3830761611007864E+05     5.4922205655439529E+02     2.4153593574643592E+03     8.7715292342529501E+03     3.0299571945290960E+05     7.6887422730344767E+05     2.6905365463037620E+05     8.3701643151140051E+03     1.6859597021145892E+03     1.3519418339639250E+02     1.1055183065071175E+01     -9.5472666978177063E+00     1.0948982592807223E+01     -4.6817307969044997E+00     0.0000000000000000E+00     0.0000000000000000E+00     0.0000000000000000E+00     0.0000000000000000E+00     0.0000000000000000E+00     0.0000000000000000E+00     0.0000000000000000E+00     0.0000000000000000E+00     
7.7510076550114166E+05     -1.3586233169574495E+06     3.0526619846769981E+05     2.3227869857788822E+05     3.0077110660060486E+06     6.1280500781233935E+05     1.3694925219709054E+05     1.5427892823257412E+02     3.9077074317351668E+02     2.0445159795427944E+03     1.0594263035663716E+04     2.6905365463037620E+05     7.0717274389931094E+05     2.3236077092576431E+05     1.1667089305084401E+04     1.0434233871275653E+03     7.5383803295304290E+01     3.5429056199703808E+01     -5.1765747046577843E+01     3.7147649063773692E+01     0.0000000000000000E+00     0.0000000000000000E+00     0.0000000000000000E+00     0.0000000000000000E+00     0.0000000000000000E+00     0.0000000000000000E+00     0.0000000000000000E+00     0.0000000000000000E+00     
6.9458613186316390E+05     -1.1406931236389051E+06     2.5416763751731816E+05     1.6022847303733270E+05     2.4161391930841054E+06     4.9819452235925390E+05     1.1607746427753034E+05     6.8743110331288449E+01     2.9648095618094242E+01     2.9634982541952104E+02     1.8124643870149932E+03     8.3701643151140051E+03     2.3236077092576431E+05     5.2589823102327529E+05     1.9795776285916253E+05     4.9041546024247755E+03     3.8515365683417724E+02     3.8744727798820406E+01     -5.1221042979994117E+01     4.5882340096963745E+01     0.0000000000000000E+00     0.0000000000000000E+00     0.0000000000000000E+00     0.0000000000000000E+00     0.0000000000000000E+00     0.0000000000000000E+00     0.0000000000000000E+00     0.0000000000000000E+00     
7.8394836511374230E+05     -1.2204818240677097E+06     2.7064232338982041E+05     1.3854857883713971E+05     2.4793019240836175E+06     5.1723353628243017E+05     1.2546462539648169E+05     3.2063210535028396E+01     1.2767738356571828E+01     2.9567585609890731E+01     2.4878988572593698E+02     1.6859597021145892E+03     1.1667089305084401E+04     1.9795776285916253E+05     6.1927378368066018E+05     1.5128944376847881E+05     2.7697490765420971E+03     5.5425843402438012E+01     -1.2173009776826868E+01     8.3181638209855706E+01     0.0000000000000000E+00     0.0000000000000000E+00     0.0000000000000000E+00     0.0000000000000000E+00     0.0000000000000000E+00     0.0000000000000000E+00     0.0000000000000000E+00     0.0000000000000000E+00     
7.0767874538254808E+05     -1.0434908250546564E+06     2.3035171087176114E+05     8.8320917076084050E+04     2.0563619414800024E+06     4.3465925256558380E+05     1.1020787682416361E+05     2.9667550561590126E+00     1.7529002834770115E+00     6.2599169879881780E+00     1.7961425502507801E+01     1.3519418339639250E+02     1.0434233871275653E+03     4.9041546024247755E+03     1.5128944376847881E+05     5.7842192385521531E+05     7.5901766568046485E+04     -4.8659511910698924E+01     -2.6634195806224664E+01     -9.5821573034174037E+01     0.0000000000000000E+00     0.0000000000000000E+00     0.0000000000000000E+00     0.0000000000000000E+00     0.0000000000000000E+00     0.0000000000000000E+00     0.0000000000000000E+00     0.0000000000000000E+00     
4.4478312578321167E+05     -6.0544469384925475E+05     1.3187395754355603E+05     2.5823008436636152E+04     1.2459676551896373E+06     2.6804563023916265E+05     7.1580382951475854E+04     5.1580772807344042E+00     1.8285114055483938E+00     8.4232295371034360E-01     5.0708128507135752E+00     1.1055183065071175E+01     7.5383803295304290E+01     3.8515365683417724E+02     2.7697490765420971E+03     7.5901766568046485E+04     4.0463801315574994E+05     -2.6722466281592790E+02     -1.5516124379031544E+02     -4.6752653378353557E+02     0.0000000000000000E+00     0.0000000000000000E+00     0.0000000000000000E+00     0.0000000000000000E+00     0.0000000000000000E+00     0.0000000000000000E+00     0.0000000000000000E+00     0.0000000000000000E+00     
1.7721546296064451E+04     2.7843229705164708E+02     -2.0747360541908455E+02     -8.7449548271239905E+02     4.1273596550360759E+02     1.3837638994534725E+03     5.0672493686085807E+02     8.8958956105312851E+01     -3.1676345383709901E+01     1.6829254685432176E+01     5.0529957507633192E+00     -9.5472666978177063E+00     3.5429056199703808E+01     3.8744727798820406E+01     5.5425843402438012E+01     -4.8659511910698924E+01     -2.6722466281592790E+02     3.6203682350510685E+03     5.9294325691744257E+02     5.7955524005898287E+03     0.0000000000000000E+00     0.0000000000000000E+00     0.0000000000000000E+00     0.0000000000000000E+00     0.0000000000000000E+00     0.0000000000000000E+00     0.0000000000000000E+00     0.0000000000000000E+00     
1.0023745082986516E+04     -1.9062464275324678E+03     5.8278111443211412E+02     1.1928768875972230E+03     3.3591869763668647E+03     -4.9722321867466349E+02     -5.5973970801772211E+01     -2.5319208838211367E+02     3.2734387160139569E+01     3.0629601526208532E+00     -1.2047646438473556E+01     1.0948982592807223E+01     -5.1765747046577843E+01     -5.1221042979994117E+01     -1.2173009776826868E+01     -2.6634195806224664E+01     -1.5516124379031544E+02     5.9294325691744257E+02     1.5003613950238571E+03     1.4702124496040910E+03     0.0000000000000000E+00     0.0000000000000000E+00     0.0000000000000000E+00     0.0000000000000000E+00     0.0000000000000000E+00     0.0000000000000000E+00     0.0000000000000000E+00     0.0000000000000000E+00     
3.1062976746914937E+04     -2.9594938323413322E+02     -9.7529065737776349E+01     -8.9099329163559059E+02     1.9197850900670885E+03     1.9482076199827345E+03     7.6025346782518159E+02     5.0601592937636106E+01     -3.1847850919032275E+01     1.6793889882236090E+01     3.9920444392957268E+00     -4.6817307969044997E+00     3.7147649063773692E+01     4.5882340096963745E+01     8.3181638209855706E+01     -9.5821573034174037E+01     -4.6752653378353557E+02     5.7955524005898287E+03     1.4702124496040910E+03     9.4737894738922878E+03     0.0000000000000000E+00     0.0000000000000000E+00     0.0000000000000000E+00     0.0000000000000000E+00     0.0000000000000000E+00     0.0000000000000000E+00     0.0000000000000000E+00     0.0000000000000000E+00     
6.1734138399618724E+05     -7.1156113575047755E+04     -1.8595851235339572E+06     -1.8399117785889961E+04     2.0088471634345173E+05     1.2378048263611122E+05     2.5793383801638989E+04     0.0000000000000000E+00     0.0000000000000000E+00     0.0000000000000000E+00     0.0000000000000000E+00     0.0000000000000000E+00     0.0000000000000000E+00     0.0000000000000000E+00     0.0000000000000000E+00     0.0000000000000000E+00     0.0000000000000000E+00     0.0000000000000000E+00     0.0000000000000000E+00     0.0000000000000000E+00     1.0117365080803619E+06     0.0000000000000000E+00     0.0000000000000000E+00     0.0000000000000000E+00     8.4285979905673258E+01     0.0000000000000000E+00     0.0000000000000000E+00     0.0000000000000000E+00     
6.3582544085503730E+05     -3.0841341963464394E+04     -1.8241584341630358E+06     -3.0762058124498973E+04     1.9371935228516840E+05     1.2808302029932785E+05     2.8918845359384683E+04     0.0000000000000000E+00     0.0000000000000000E+00     0.0000000000000000E+00     0.0000000000000000E+00     0.0000000000000000E+00     0.0000000000000000E+00     0.0000000000000000E+00     0.0000000000000000E+00     0.0000000000000000E+00     0.0000000000000000E+00     0.0000000000000000E+00     0.0000000000000000E+00     0.0000000000000000E+00     0.0000000000000000E+00     1.0182860251191922E+06     0.0000000000000000E+00     0.0000000000000000E+00     0.0000000000000000E+00     8.0469780105059868E+01     0.0000000000000000E+00     0.0000000000000000E+00     
5.5497474644231959E+05     3.1652206542181841E+04     -1.5552403391246903E+06     -4.4094148424694678E+04     1.6374246360832563E+05     1.1412949484416918E+05     2.7269515494057367E+04     0.0000000000000000E+00     0.0000000000000000E+00     0.0000000000000000E+00     0.0000000000000000E+00     0.0000000000000000E+00     0.0000000000000000E+00     0.0000000000000000E+00     0.0000000000000000E+00     0.0000000000000000E+00     0.0000000000000000E+00     0.0000000000000000E+00     0.0000000000000000E+00     0.0000000000000000E+00     0.0000000000000000E+00     0.0000000000000000E+00     8.9196265581071901E+05     0.0000000000000000E+00     0.0000000000000000E+00     0.0000000000000000E+00     6.6400209259320803E+01     0.0000000000000000E+00     
5.2082179346855509E+05     1.5559892299761419E+05     -1.4938740169316765E+06     -7.8793897043446777E+04     1.5913781865576224E+05     1.1602877244681300E+05     2.9091485633065909E+04     0.0000000000000000E+00     0.0000000000000000E+00     0.0000000000000000E+00     0.0000000000000000E+00     0.0000000000000000E+00     0.0000000000000000E+00     0.0000000000000000E+00     0.0000000000000000E+00     0.0000000000000000E+00     0.0000000000000000E+00     0.0000000000000000E+00     0.0000000000000000E+00     0.0000000000000000E+00     0.0000000000000000E+00     0.0000000000000000E+00     0.0000000000000000E+00     8.8621858361064864E+05     0.0000000000000000E+00     0.0000000000000000E+00     0.0000000000000000E+00     6.0846116550674850E+01     
6.6486838465677451E+01     -3.8406157964613904E+01     -1.7122636528514099E+02     8.5701205708325290E+00     1.7686599492754919E+01     8.5346452226567795E+00     1.6869924945107941E+00     0.0000000000000000E+00     0.0000000000000000E+00     0.0000000000000000E+00     0.0000000000000000E+00     0.0000000000000000E+00     0.0000000000000000E+00     0.0000000000000000E+00     0.0000000000000000E+00     0.0000000000000000E+00     0.0000000000000000E+00     0.0000000000000000E+00     0.0000000000000000E+00     0.0000000000000000E+00     8.4285979905673258E+01     0.0000000000000000E+00     0.0000000000000000E+00     0.0000000000000000E+00     9.3832949737715290E-03     0.0000000000000000E+00     0.0000000000000000E+00     0.0000000000000000E+00     
6.4840736974586505E+01     -3.4987622864684056E+01     -1.5826040843834528E+02     7.5337171261466747E+00     1.6008527581075963E+01     8.5851390221149657E+00     1.8583019736487698E+00     0.0000000000000000E+00     0.0000000000000000E+00     0.0000000000000000E+00     0.0000000000000000E+00     0.0000000000000000E+00     0.0000000000000000E+00     0.0000000000000000E+00     0.0000000000000000E+00     0.0000000000000000E+00     0.0000000000000000E+00     0.0000000000000000E+00     0.0000000000000000E+00     0.0000000000000000E+00     0.0000000000000000E+00     8.0469780105059868E+01     0.0000000000000000E+00     0.0000000000000000E+00     0.0000000000000000E+00     8.5551749657743082E-03     0.0000000000000000E+00     0.0000000000000000E+00     
5.4163810807548572E+01     -2.6657127919380272E+01     -1.2629701024701491E+02     5.4289817614406104E+00     1.2580743807119063E+01     7.3086512205853387E+00     1.6894754210395180E+00     0.0000000000000000E+00     0.0000000000000000E+00     0.0000000000000000E+00     0.0000000000000000E+00     0.0000000000000000E+00     0.0000000000000000E+00     0.0000000000000000E+00     0.0000000000000000E+00     0.0000000000000000E+00     0.0000000000000000E+00     0.0000000000000000E+00     0.0000000000000000E+00     0.0000000000000000E+00     0.0000000000000000E+00     0.0000000000000000E+00     6.6400209259320803E+01     0.0000000000000000E+00     0.0000000000000000E+00     0.0000000000000000E+00     6.7418081800480149E-03     0.0000000000000000E+00     
4.9484827950458360E+01     -2.0261099106545764E+01     -1.1114964712751298E+02     3.5923114529539055E+00     1.1048567939455687E+01     6.8752093863169792E+00     1.6841080705761420E+00     0.0000000000000000E+00     0.0000000000000000E+00     0.0000000000000000E+00     0.0000000000000000E+00     0.0000000000000000E+00     0.0000000000000000E+00     0.0000000000000000E+00     0.0000000000000000E+00     0.0000000000000000E+00     0.0000000000000000E+00     0.0000000000000000E+00     0.0000000000000000E+00     0.0000000000000000E+00     0.0000000000000000E+00     0.0000000000000000E+00     0.0000000000000000E+00     6.0846116550674850E+01     0.0000000000000000E+00     0.0000000000000000E+00     0.0000000000000000E+00     5.8865812951500425E-03     
